network unknown {
}
variable AGRESOR_VIVE_CASA_VICTIMA {
    type discrete [ 3 ] { 0, 1, 2 };
}
variable AREA_RESIDENCIA_DOMICILIO {
    type discrete [ 2 ] { 0, 1 };
}
variable CONDICION {
    type discrete [ 5 ] { 0, 1, 2, 3, 4 };
}
variable EDAD_AGRESOR {
    type discrete [ 5 ] { 0, 1, 2, 3, 4 };
}
variable EDAD_VICTIMA {
    type discrete [ 7 ] { 0, 1, 2, 3, 4, 5, 6 };
}
variable ESTADO_AGRESOR_G {
    type discrete [ 4 ] { 0, 1, 2, 3 };
}
variable ESTADO_AGRESOR_U_A {
    type discrete [ 4 ] { 0, 1, 2, 3 };
}
variable ESTADO_CIVIL_VICTIMA {
    type discrete [ 4 ] { 0, 1, 2, 3 };
}
variable ESTADO_VICTIMA_G {
    type discrete [ 4 ] { 0, 1, 2, 3 };
}
variable ESTADO_VICTIMA_U_A {
    type discrete [ 4 ] { 0, 1, 2, 3 };
}
variable ESTUDIA {
    type discrete [ 2 ] { 0, 1 };
}
variable ETNIA_VICTIMA {
    type discrete [ 5 ] { 0, 1, 2, 3, 4 };
}
variable FRECUENCIA_AGREDE {
    type discrete [ 5 ] { 0, 1, 2, 3, 4 };
}
variable HIJOS_VIVIENTES {
    type discrete [ 2 ] { 0, 1 };
}
variable LENGUA_MATERNA_VICTIMA {
    type discrete [ 4 ] { 0, 1, 2, 3 };
}
variable NIVEL_DE_RIESGO_VICTIMA {
    type discrete [ 3 ] { 0, 1, 2 };
}
variable NIVEL_EDUCATIVO_AGRESOR {
    type discrete [ 8 ] { 0, 1, 2, 3, 4, 5, 6, 7 };
}
variable NIVEL_EDUCATIVO_VICTIMA {
    type discrete [ 8 ] { 0, 1, 2, 3, 4, 5, 6, 7 };
}
variable REDES_FAM_SOC {
    type discrete [ 2 ] { 0, 1 };
}
variable SEGURO_VICTIMA {
    type discrete [ 2 ] { 0, 1 };
}
variable SEXO_AGRESOR {
    type discrete [ 2 ] { 0, 1 };
}
variable TRABAJA_VICTIMA {
    type discrete [ 2 ] { 0, 1 };
}
variable TRATAMIENTO_VICTIMA {
    type discrete [ 2 ] { 0, 1 };
}
variable VINCULO_AFECTIVO {
    type discrete [ 2 ] { 0, 1 };
}
variable VINCULO_AGRESOR_VICTIMA {
    type discrete [ 3 ] { 0, 1, 2 };
}
variable VIOLENCIA_ECONOMICA {
    type discrete [ 2 ] { 0, 1 };
}
variable VIOLENCIA_FISICA {
    type discrete [ 2 ] { 0, 1 };
}
variable VIOLENCIA_PSICOLOGICA {
    type discrete [ 2 ] { 0, 1 };
}
variable VIOLENCIA_SEXUAL {
    type discrete [ 2 ] { 0, 1 };
}
probability ( AGRESOR_VIVE_CASA_VICTIMA | EDAD_VICTIMA, VINCULO_AGRESOR_VICTIMA ) {
    ( 0, 0 ) 0.00392156862745098, 0.8933333333333333, 0.1027450980392157;
    ( 0, 1 ) 0.3333333333333333, 0.3333333333333333, 0.3333333333333333;
    ( 0, 2 ) 0.017208911879480898, 0.4553044740902078, 0.5274866140303113;
    ( 1, 0 ) 0.00024938899695745427, 0.924085989326151, 0.07566462167689163;
    ( 1, 1 ) 0.3333333333333333, 0.3333333333333333, 0.3333333333333333;
    ( 1, 2 ) 0.020454395909120817, 0.4560174087965182, 0.5235281952943609;
    ( 2, 0 ) 0.007280187521324346, 0.9301669170200415, 0.06255289545863409;
    ( 2, 1 ) 0.00942000056455483, 0.6989108124347234, 0.2916691870007218;
    ( 2, 2 ) 0.018083458698195807, 0.5428506278871359, 0.4390659134146683;
    ( 3, 0 ) 0.004410968685577399, 0.938211887733361, 0.05737714358106163;
    ( 3, 1 ) 0.01113302678529628, 0.6479590943602083, 0.3409078788544956;
    ( 3, 2 ) 0.019008206318815234, 0.5535772615117115, 0.42741453216947334;
    ( 4, 0 ) 0.005125376358914247, 0.92241835022639, 0.07245627341469581;
    ( 4, 1 ) 0.015027272541540095, 0.5712686684512442, 0.4137040590072157;
    ( 4, 2 ) 0.01663541833507633, 0.627805676204474, 0.35555890546044966;
    ( 5, 0 ) 0.0022683452421458543, 0.9088266984235, 0.0889049563343541;
    ( 5, 1 ) 0.019047726499669466, 0.4665723536141915, 0.5143799198861391;
    ( 5, 2 ) 0.016688440199337632, 0.5807986305891152, 0.4025129292115471;
    ( 6, 0 ) 0.002474256813302769, 0.8873121566059019, 0.11021358658079543;
    ( 6, 1 ) 0.014107171378374061, 0.32930841718575304, 0.6565844114358729;
    ( 6, 2 ) 0.016963705432742917, 0.4884617144949425, 0.4945745800723145;

}
probability ( AREA_RESIDENCIA_DOMICILIO | LENGUA_MATERNA_VICTIMA, NIVEL_EDUCATIVO_VICTIMA ) {
    ( 0, 0 ) 0.4202360362193509, 0.5797639637806491;
    ( 0, 1 ) 0.3133603390720528, 0.6866396609279471;
    ( 0, 2 ) 0.3578814795174334, 0.6421185204825666;
    ( 0, 3 ) 0.25897358490566036, 0.7410264150943396;
    ( 0, 4 ) 0.23925449613181954, 0.7607455038681804;
    ( 0, 5 ) 0.10110221755675108, 0.8988977824432489;
    ( 0, 6 ) 0.11494939835843493, 0.885050601641565;
    ( 0, 7 ) 0.20909090909090908, 0.7909090909090909;
    ( 1, 0 ) 0.2603862820354092, 0.7396137179645909;
    ( 1, 1 ) 0.25918143154440365, 0.7408185684555963;
    ( 1, 2 ) 0.2743741967641802, 0.7256258032358198;
    ( 1, 3 ) 0.1863283581307319, 0.8136716418692681;
    ( 1, 4 ) 0.12962180788789315, 0.8703781921121069;
    ( 1, 5 ) 0.06839464467572469, 0.9316053553242754;
    ( 1, 6 ) 0.0691454881988634, 0.9308545118011365;
    ( 1, 7 ) 0.014899994235979019, 0.985100005764021;
    ( 2, 0 ) 0.6452482269503547, 0.3547517730496454;
    ( 2, 1 ) 0.6709923664122137, 0.3290076335877863;
    ( 2, 2 ) 0.5635761589403974, 0.43642384105960264;
    ( 2, 3 ) 0.5872198667474258, 0.4127801332525742;
    ( 2, 4 ) 0.49405314997212413, 0.5059468500278759;
    ( 2, 5 ) 0.41267056530214424, 0.5873294346978557;
    ( 2, 6 ) 0.5453739808578518, 0.4546260191421482;
    ( 2, 7 ) 0.9324324324324325, 0.06756756756756757;
    ( 3, 0 ) 0.4392937918301408, 0.5607062081698592;
    ( 3, 1 ) 0.384286195219518, 0.615713804780482;
    ( 3, 2 ) 0.33764264435911745, 0.6623573556408825;
    ( 3, 3 ) 0.32028564512224644, 0.6797143548777536;
    ( 3, 4 ) 0.23155390851911356, 0.7684460914808864;
    ( 3, 5 ) 0.1534988542030261, 0.8465011457969739;
    ( 3, 6 ) 0.11903606908609486, 0.8809639309139051;
    ( 3, 7 ) 0.009578544061302681, 0.9904214559386973;

}
probability ( CONDICION | AGRESOR_VIVE_CASA_VICTIMA, HIJOS_VIVIENTES, VINCULO_AGRESOR_VICTIMA ) {
    ( 0, 0, 0 ) 0.038696537678207736, 0.07535641547861506, 0.6252545824847251, 0.002036659877800407, 0.25865580448065173;
    ( 0, 0, 1 ) 0.0022606464226797825, 0.029754994806623088, 0.7589051139487994, 0.16942628459705505, 0.03965296022484267;
    ( 0, 0, 2 ) 0.0026977140423115153, 0.010364901320460033, 0.7694164418571632, 0.069146670452932, 0.14837427232713335;
    ( 0, 1, 0 ) 0.0030395136778115497, 0.11246200607902734, 0.7689969604863222, 0.0030395136778115497, 0.11246200607902734;
    ( 0, 1, 1 ) 0.004303403120627294, 0.02949019193705943, 0.6981281516487579, 0.21530216226205875, 0.052776091031496684;
    ( 0, 1, 2 ) 0.0036622785311293676, 0.03573196080372167, 0.6771256062555677, 0.08561813322775415, 0.19786202118182722;
    ( 1, 0, 0 ) 0.008768636112644947, 0.06840419657647706, 0.7804527885146327, 0.027852015461071227, 0.1145223633351739;
    ( 1, 0, 1 ) 0.0035242946625120976, 0.042880690821307424, 0.7403081896780919, 0.16267267874044222, 0.050614146097646584;
    ( 1, 0, 2 ) 0.006229943766719847, 0.06431946811930919, 0.7240504946951453, 0.0674860023415368, 0.13791409107728894;
    ( 1, 1, 0 ) 0.006873757139354756, 0.08810576687339391, 0.6984082303480463, 0.048552152475732996, 0.15806009316347192;
    ( 1, 1, 1 ) 0.004479204505791119, 0.06653833057396516, 0.6152561662814925, 0.22446281179734742, 0.08926348684140374;
    ( 1, 1, 2 ) 0.003965447495658922, 0.0807922089001043, 0.6219478300113652, 0.07940526543181, 0.21388924816106158;
    ( 2, 0, 0 ) 0.00021762785636561478, 0.035473340587595215, 0.8306855277475517, 0.02763873775843308, 0.10598476605005441;
    ( 2, 0, 1 ) 0.0024395815765055604, 0.023964305960193926, 0.7882443191593174, 0.14229952421108444, 0.0430522690928987;
    ( 2, 0, 2 ) 0.0032885842739019716, 0.026377841355676425, 0.7678372685257963, 0.07617819976734681, 0.1263181060772786;
    ( 2, 1, 0 ) 0.00013187392852433076, 0.05472768033759727, 0.7075036265330344, 0.05472768033759727, 0.18290913886324678;
    ( 2, 1, 1 ) 0.002953052697938672, 0.02896930174868215, 0.6855566935718783, 0.21226699970016735, 0.07025395228133359;
    ( 2, 1, 2 ) 0.0025782411502343, 0.030084498560325197, 0.6738393210004328, 0.10650582456668613, 0.18699211472232155;

}
probability ( EDAD_AGRESOR | EDAD_VICTIMA, VINCULO_AGRESOR_VICTIMA ) {
    ( 0, 0 ) 0.002352941176470588, 0.10117647058823528, 0.15058823529411763, 0.6447058823529412, 0.10117647058823528;
    ( 0, 1 ) 0.2, 0.2, 0.2, 0.2, 0.2;
    ( 0, 2 ) 0.0007487067791995645, 0.16655322624557584, 0.44384699156003266, 0.3709501769670569, 0.01790089844813504;
    ( 1, 0 ) 0.009576537483166244, 0.0944186742480922, 0.20439922190632953, 0.49977554990273837, 0.19183001645967385;
    ( 1, 1 ) 0.2, 0.2, 0.2, 0.2, 0.2;
    ( 1, 2 ) 0.002382899523420095, 0.062491187501762496, 0.376357124728575, 0.5247031950593609, 0.03406559318688136;
    ( 2, 0 ) 0.029324577611761733, 0.20044664814494795, 0.262977388437662, 0.39697183192204927, 0.11027955388357903;
    ( 2, 1 ) 0.08715113536008515, 0.6676546376162881, 0.19791679268336937, 0.04548698902747364, 0.001790445312783537;
    ( 2, 2 ) 0.002985567823115252, 0.05131698324313826, 0.24726008933514593, 0.6463290559518599, 0.052108303646740656;
    ( 3, 0 ) 0.002211242787547939, 0.11322254085616557, 0.28082783401858824, 0.5072038143938086, 0.0965345679438897;
    ( 3, 1 ) 0.005797543951782803, 0.4293907510426908, 0.46093710880012706, 0.10246276540526018, 0.0014118308001392292;
    ( 3, 2 ) 0.001907102259878488, 0.06443442734166528, 0.16273688019176552, 0.7003135788696085, 0.07060801133708221;
    ( 4, 0 ) 0.0014824519065021028, 0.056505550575742955, 0.2816658622353996, 0.579224987933531, 0.08112114734882439;
    ( 4, 1 ) 0.00011638549354680315, 0.05604133682168434, 0.5334642727525032, 0.4050841866547848, 0.005293818277480922;
    ( 4, 2 ) 0.0019879591855962464, 0.0678732605357126, 0.24297383619593174, 0.5765552718604848, 0.11060967222227455;
    ( 5, 0 ) 0.0009144266757400474, 0.03619428376998979, 0.15453810820006803, 0.6564945559714188, 0.15185862538278325;
    ( 5, 1 ) 2.6952555979831966e-05, 0.005450057540572999, 0.09989369410478653, 0.8254709175652941, 0.06915837823336651;
    ( 5, 2 ) 0.005142820569776329, 0.10910987037532048, 0.23418657972313103, 0.5403952366789276, 0.11116549265284455;
    ( 6, 0 ) 0.000109158388822181, 0.0459556816941382, 0.16744896845322566, 0.5479751118873486, 0.2385110795764655;
    ( 6, 1 ) 1.1978917105893626e-05, 0.0002635361763296598, 0.0035337805462386197, 0.23496645903210348, 0.7612242453282223;
    ( 6, 2 ) 0.0006975147604009336, 0.03345324728820541, 0.15974735685843744, 0.6837237402169436, 0.12237814087601263;

}
probability ( EDAD_VICTIMA | LENGUA_MATERNA_VICTIMA, NIVEL_EDUCATIVO_VICTIMA ) {
    ( 0, 0 ) 0.0033283432408470564, 7.267124980015407e-05, 7.267124980015407e-05, 7.267124980015407e-05, 0.016351031205034665, 0.35168524628286557, 0.6284173655218522;
    ( 0, 1 ) 2.6791407459799494e-05, 0.007228321732653904, 0.007228321732653904, 0.015630107112047025, 0.10684949123117234, 0.6289604398077449, 0.23407652697626816;
    ( 0, 2 ) 3.156505874257432e-05, 3.156505874257432e-05, 0.004273908953744562, 0.03679854548209314, 0.20932053054550734, 0.6731501297323914, 0.07639375516877837;
    ( 0, 3 ) 2.15633423180593e-05, 2.15633423180593e-05, 0.07344043126684636, 0.11884420485175202, 0.32074609164420487, 0.45502533692722374, 0.03190080862533693;
    ( 0, 4 ) 1.4353174204475323e-05, 1.4353174204475323e-05, 0.008373641830890902, 0.17941754819078243, 0.3703951428858493, 0.4250520302564913, 0.01673293048757733;
    ( 0, 5 ) 9.37259827169288e-05, 9.37259827169288e-05, 0.0042926500084353395, 0.24363131947438474, 0.3989915084259659, 0.33600764804018973, 0.01688942208559057;
    ( 0, 6 ) 5.6919731794223785e-05, 5.6919731794223785e-05, 5.6919731794223785e-05, 0.1454071468415241, 0.3800075134045968, 0.4565076329360336, 0.017906947622462803;
    ( 0, 7 ) 0.004329004329004329, 0.004329004329004329, 0.004329004329004329, 0.1982683982683983, 0.1982683982683983, 0.5861471861471861, 0.004329004329004329;
    ( 1, 0 ) 0.21188418613700277, 0.04849678982649145, 0.03724508746175206, 0.044534922796653637, 0.11378835847821858, 0.3473800385574559, 0.19667061674242556;
    ( 1, 1 ) 0.0010296596692270722, 0.1362315414486435, 0.12241169974509085, 0.07312540344310046, 0.18672539673443947, 0.37725136973487405, 0.10322492922462455;
    ( 1, 2 ) 1.328485953785162e-06, 0.00571488087599301, 0.06880202184934278, 0.12147383294501689, 0.29115443569503596, 0.4355406658849855, 0.07731283426367204;
    ( 1, 3 ) 4.679431344272409e-07, 0.001971070070834424, 0.3238290963110264, 0.184985501717866, 0.2283597123796883, 0.23548742220328403, 0.0253667293741663;
    ( 1, 4 ) 4.1215266761280434e-07, 4.1215266761280434e-07, 0.03646768018304854, 0.24485734448222785, 0.3378811907288401, 0.3480181680193105, 0.032774792281237815;
    ( 1, 5 ) 7.714026831545248e-07, 7.714026831545248e-07, 0.023708135783534534, 0.36010388634214574, 0.35291564757943866, 0.24847883247895344, 0.014791955010561275;
    ( 1, 6 ) 6.198303821762567e-07, 6.198303821762567e-07, 6.198303821762567e-07, 0.12265364758403134, 0.39109078122553603, 0.44371190135077154, 0.04254181034851451;
    ( 1, 7 ) 4.117157843597408e-05, 4.117157843597408e-05, 4.117157843597408e-05, 0.012952578575957446, 0.2933145590935665, 0.632700114456988, 0.06090923313818006;
    ( 2, 0 ) 0.06374873353596758, 0.03651469098277609, 0.1091388044579534, 0.13637284701114488, 0.21807497467071935, 0.37240121580547114, 0.06374873353596758;
    ( 2, 1 ) 9.913750371765638e-05, 0.02674729850302369, 0.24881530683057398, 0.1777535441657579, 0.24437394666402298, 0.284346188162982, 0.01786457816992168;
    ( 2, 2 ) 0.0001351533991079876, 0.0001351533991079876, 0.12123259899986485, 0.2544397891606974, 0.3452628733612651, 0.272604406000811, 0.006190025679145832;
    ( 2, 3 ) 6.180546113054549e-05, 6.180546113054549e-05, 0.3323279644989431, 0.3212524258643493, 0.2160348088357087, 0.12743049975895868, 0.0028306901197789835;
    ( 2, 4 ) 0.00013274218812222904, 0.00013274218812222904, 0.03581384235537739, 0.2974752435819153, 0.4223590941673083, 0.2320598932752808, 0.012026442243873949;
    ( 2, 5 ) 0.000278473962684489, 0.000278473962684489, 0.025229741019214703, 0.34959621275410746, 0.4993038150932888, 0.12503480924533555, 0.000278473962684489;
    ( 2, 6 ) 0.00025320301817997664, 0.00025320301817997664, 0.00025320301817997664, 0.056970679090494754, 0.5220539828834759, 0.40861903073884637, 0.011596698232642932;
    ( 2, 7 ) 0.019305019305019305, 0.019305019305019305, 0.019305019305019305, 0.019305019305019305, 0.8841698841698842, 0.019305019305019305, 0.019305019305019305;
    ( 3, 0 ) 0.015072368204147573, 0.002665259965052257, 0.0029606673040783356, 0.012413702152912862, 0.07858494609475454, 0.5488734298242721, 0.3394296264547822;
    ( 3, 1 ) 2.8290223747379618e-06, 0.015465133713742541, 0.016479055332848627, 0.03510986508392295, 0.21292636903465267, 0.6040466336048252, 0.11597011420763327;
    ( 3, 2 ) 4.8032446878515375e-06, 0.001080730054766596, 0.011194442069506793, 0.0705856019858535, 0.2765179934349251, 0.5868152854616351, 0.05380114374862507;
    ( 3, 3 ) 3.1437939934671963e-06, 0.00014398576490079758, 0.14647879353761706, 0.1902806464897968, 0.3030950651865685, 0.3378830320006791, 0.022115333226444336;
    ( 3, 4 ) 2.792218199566536e-06, 2.792218199566536e-06, 0.01764067614122146, 0.23942768462007125, 0.369022349472913, 0.3551372068101085, 0.018766498519286686;
    ( 3, 5 ) 1.084008489954493e-05, 1.084008489954493e-05, 0.010694827761891028, 0.3249011926261406, 0.3826918532425945, 0.27050998263418397, 0.01118046356539064;
    ( 3, 6 ) 7.21872595261917e-06, 7.21872595261917e-06, 7.21872595261917e-06, 0.1180478255031813, 0.4065196645313675, 0.44856152447942155, 0.026849329308171743;
    ( 3, 7 ) 0.0027367268746579087, 0.0027367268746579087, 0.0027367268746579087, 0.0027367268746579087, 0.49315818281335516, 0.49315818281335516, 0.0027367268746579087;

}
probability ( ESTADO_AGRESOR_G | AGRESOR_VIVE_CASA_VICTIMA, NIVEL_DE_RIESGO_VICTIMA, VIOLENCIA_PSICOLOGICA ) {
    ( 0, 0, 0 ) 0.0017241379310344827, 0.0017241379310344827, 0.0017241379310344827, 0.9948275862068965;
    ( 0, 0, 1 ) 0.003788138498457319, 0.1272026054165238, 8.570449091532397e-05, 0.8689235515941035;
    ( 0, 1, 0 ) 0.0005543237250554324, 0.05643015521064302, 0.0005543237250554324, 0.9424611973392462;
    ( 0, 1, 1 ) 0.005827052544054931, 0.21391116594694634, 0.00486146501086286, 0.7754003164981358;
    ( 0, 2, 0 ) 0.0006354855109303508, 0.11959837315709203, 0.0006354855109303508, 0.8791306558210473;
    ( 0, 2, 1 ) 0.028142253978564465, 0.3017375771354336, 0.009434881455017863, 0.6606852874309841;
    ( 1, 0, 0 ) 0.0007127958820490251, 0.06167837118965155, 0.0007127958820490251, 0.9368960370462504;
    ( 1, 0, 1 ) 0.001859419245841294, 0.14432676771491793, 0.0030532797078726623, 0.8507605333313681;
    ( 1, 1, 0 ) 0.006463677895476681, 0.09140770118981877, 0.004269075469938967, 0.8978595454447656;
    ( 1, 1, 1 ) 0.00807302709889997, 0.21672088594533548, 0.01022031951641512, 0.7649857674393494;
    ( 1, 2, 0 ) 0.01058157285139362, 0.10896217854969738, 0.01058157285139362, 0.8698746757475154;
    ( 1, 2, 1 ) 0.027003943756517983, 0.2731642181584044, 0.02583263265868782, 0.6739992054263897;
    ( 2, 0, 0 ) 8.119519324455992e-05, 0.12167911659629749, 8.119519324455992e-05, 0.8781584930172134;
    ( 2, 0, 1 ) 0.0015334187104923058, 0.18826909044020032, 0.001164167382213222, 0.8090333234670942;
    ( 2, 1, 0 ) 0.004375034870097264, 0.16204366666046754, 0.003370776068884715, 0.8302105224005505;
    ( 2, 1, 1 ) 0.005047841656799143, 0.276951946786234, 0.005768778504990588, 0.7122314330519762;
    ( 2, 2, 0 ) 0.00970393531524049, 0.1759105454723111, 0.006186335100276034, 0.8081991841121723;
    ( 2, 2, 1 ) 0.0174978074789639, 0.32829394864194034, 0.016793966331069745, 0.6374142775480259;

}
probability ( ESTADO_AGRESOR_U_A | ESTADO_AGRESOR_G, VINCULO_AGRESOR_VICTIMA, VIOLENCIA_FISICA ) {
    ( 0, 0, 0 ) 0.6217728055077453, 0.08476764199655767, 0.002151462994836489, 0.29130808950086057;
    ( 0, 0, 1 ) 0.8052699228791773, 0.06491002570694086, 0.0032133676092544984, 0.12660668380462725;
    ( 0, 1, 0 ) 0.5105942793668425, 0.1826853651763399, 0.040058317134129405, 0.26666203832268814;
    ( 0, 1, 1 ) 0.48438751764391713, 0.2060523404417655, 0.06413802311830007, 0.2454221187960172;
    ( 0, 2, 0 ) 0.6739640956058868, 0.1328932261768083, 0.045219705667466865, 0.14792297254983824;
    ( 0, 2, 1 ) 0.6895229982964224, 0.1638476514967145, 0.041190070576782666, 0.1054392796300803;
    ( 1, 0, 0 ) 0.006796421832413167, 0.7665979453490811, 8.735760710042632e-05, 0.22651827521140547;
    ( 1, 0, 1 ) 0.004221702056512288, 0.866953686674469, 0.00020899515131248952, 0.12861561611770606;
    ( 1, 1, 0 ) 0.0032036032449111627, 0.7433777932613347, 0.0018658239187776837, 0.2515527795749763;
    ( 1, 1, 1 ) 0.0058801152984794755, 0.7852194605219048, 0.0027205818195177736, 0.20617984236009806;
    ( 1, 2, 0 ) 0.004912365120065389, 0.8273816978557634, 0.0025394010902451405, 0.16516653593392616;
    ( 1, 2, 1 ) 0.008702897013118313, 0.8333967822060235, 0.002711659198422307, 0.15518866158243566;
    ( 2, 0, 0 ) 0.0014792899408284023, 0.029881656804733724, 0.5979289940828402, 0.3707100591715976;
    ( 2, 0, 1 ) 0.005102040816326531, 0.10306122448979592, 0.4948979591836735, 0.3969387755102041;
    ( 2, 1, 0 ) 0.06346202692405385, 0.06833883667767336, 0.5316357632715266, 0.3365633731267463;
    ( 2, 1, 1 ) 0.06977945037633468, 0.09918606686504464, 0.5318834237703484, 0.2991510589882724;
    ( 2, 2, 0 ) 0.0728391167192429, 0.045583596214511045, 0.6542902208201894, 0.22728706624605677;
    ( 2, 2, 1 ) 0.11602385181426032, 0.04903577772139051, 0.5971200202994164, 0.23782035016493275;
    ( 3, 0, 0 ) 0.0011223654177870963, 0.06872564336366963, 0.0025162474372898286, 0.9276357437812535;
    ( 3, 0, 1 ) 0.004040993167805366, 0.16561406432261291, 0.004040993167805366, 0.8263039493417763;
    ( 3, 1, 0 ) 0.0019918196656093486, 0.1919093187056016, 0.003560513168917997, 0.8025383484598709;
    ( 3, 1, 1 ) 0.003758156543462472, 0.30279420782971656, 0.004572044639501268, 0.6888755909873198;
    ( 3, 2, 0 ) 0.002902216988709466, 0.1358242708902883, 0.002548512747353482, 0.8587249993736488;
    ( 3, 2, 1 ) 0.0023527717259066386, 0.14565859429405661, 0.0030911155424170134, 0.8488975184376197;

}
probability ( ESTADO_CIVIL_VICTIMA | EDAD_VICTIMA, VINCULO_AGRESOR_VICTIMA ) {
    ( 0, 0 ) 0.002941176470588235, 0.002941176470588235, 0.9911764705882352, 0.002941176470588235;
    ( 0, 1 ) 0.25, 0.25, 0.25, 0.25;
    ( 0, 2 ) 4.254015790906615e-05, 4.254015790906615e-05, 0.9998723795262727, 4.254015790906615e-05;
    ( 1, 0 ) 0.0001870417477180907, 0.0001870417477180907, 0.9994388747568459, 0.0001870417477180907;
    ( 1, 1 ) 0.25, 0.25, 0.25, 0.25;
    ( 1, 2 ) 1.7624996475000702e-05, 1.7624996475000702e-05, 0.9999471250105749, 1.7624996475000702e-05;
    ( 2, 0 ) 1.661637444002818e-05, 1.661637444002818e-05, 0.9999501508766799, 1.661637444002818e-05;
    ( 2, 1 ) 1.5122004330942038e-05, 1.5122004330942038e-05, 0.9999546339870071, 1.5122004330942038e-05;
    ( 2, 2 ) 3.623261921256374e-06, 3.623261921256374e-06, 0.9999891302142364, 3.623261921256374e-06;
    ( 3, 0 ) 0.013828905089313477, 4.318833569429568e-05, 0.9853591541996337, 0.0007687523753584631;
    ( 3, 1 ) 0.04996275013892366, 0.0008478923295818855, 0.9489313564445313, 0.0002580010869631593;
    ( 3, 2 ) 0.021854411964239946, 0.00032601649304246877, 0.9776518520751986, 0.00016771946751895794;
    ( 4, 0 ) 0.14411673446873058, 0.004387023374474246, 0.846385230641936, 0.0051110115148589935;
    ( 4, 1 ) 0.16708153389193775, 0.007709161604356811, 0.8244708764240866, 0.0007384280796186963;
    ( 4, 2 ) 0.1325737947408587, 0.005353828470213587, 0.8571142558343304, 0.0049581209545972735;
    ( 5, 0 ) 0.30414788193263015, 0.03530643926505614, 0.6247926590677101, 0.035753019734603604;
    ( 5, 1 ) 0.31565971708591467, 0.0210877111388019, 0.6584210127140847, 0.004831559061198598;
    ( 5, 2 ) 0.2852618282990667, 0.03091810265310809, 0.6400938583578364, 0.043726210689988824;
    ( 6, 0 ) 0.32106211112323985, 0.03910599279554634, 0.4310937670559983, 0.2087381290252156;
    ( 6, 1 ) 0.5871496166746526, 0.028440943938667942, 0.35974185433636796, 0.024667585050311452;
    ( 6, 2 ) 0.31626115611698474, 0.04049018261705341, 0.34774818069476865, 0.2955004805711932;

}
probability ( ESTADO_VICTIMA_G | ESTADO_AGRESOR_G, ESTADO_VICTIMA_U_A ) {
    ( 0, 0 ) 0.47939068100358423, 0.02060931899641577, 0.0014934289127837516, 0.49850657108721624;
    ( 0, 1 ) 0.030420860018298263, 0.13289112534309241, 0.01578225068618481, 0.8209057639524245;
    ( 0, 2 ) 0.010683760683760684, 0.14743589743589744, 0.2841880341880342, 0.5576923076923077;
    ( 0, 3 ) 0.0039040451552210726, 0.0030439457062222818, 0.0004636473592259105, 0.9925883617793307;
    ( 1, 0 ) 0.09530386740331492, 0.18370165745856354, 0.09530386740331492, 0.6256906077348067;
    ( 1, 1 ) 0.0005974520690708497, 0.2418063716241712, 0.0008849478015560706, 0.7567112285052019;
    ( 1, 2 ) 0.007575757575757576, 0.2015151515151515, 0.29848484848484846, 0.49242424242424243;
    ( 1, 3 ) 0.00021898786246315734, 0.006020891385419771, 5.580932588000258e-05, 0.993704311426237;
    ( 2, 0 ) 0.02358490566037736, 0.02358490566037736, 0.6273584905660378, 0.32547169811320753;
    ( 2, 1 ) 0.0010955302366345311, 0.1693689745836985, 0.029141104294478526, 0.8003943908851884;
    ( 2, 2 ) 0.0014654161781946073, 0.02022274325908558, 0.414126611957796, 0.5641852286049238;
    ( 2, 3 ) 0.0012707381892303326, 0.0012707381892303326, 0.005399024692313646, 0.9920594989292257;
    ( 3, 0 ) 0.08269961977186312, 0.0015842839036755386, 0.0015842839036755386, 0.9141318124207858;
    ( 3, 1 ) 0.000422528052050373, 0.025837749228012657, 1.588451323497643e-05, 0.9737238382067019;
    ( 3, 2 ) 0.0010955302366345311, 0.0010955302366345311, 0.14132340052585451, 0.8564855390008764;
    ( 3, 3 ) 0.0003380876083228677, 0.000938387825429213, 0.0001076152035409673, 0.9986159093627069;

}
probability ( ESTADO_VICTIMA_U_A | ESTADO_AGRESOR_U_A, VIOLENCIA_FISICA ) {
    ( 0, 0 ) 0.028246107013230302, 0.011386254536939469, 0.0038929867696990985, 0.9564746516801311;
    ( 0, 1 ) 0.03005316530471596, 0.05446982376686029, 0.004848872698631486, 0.9106281382297923;
    ( 1, 0 ) 0.0002374138260737101, 0.04112769136526725, 0.0001336972058094272, 0.9585011976028496;
    ( 1, 1 ) 0.00012449034789048893, 0.11599530349103795, 8.404678309357882e-05, 0.883796159377978;
    ( 2, 0 ) 0.001955560594036957, 0.017373313683255866, 0.028256433510939802, 0.9524146922117673;
    ( 2, 1 ) 0.002456942687554734, 0.032037559599104794, 0.02736693587622847, 0.938138561837112;
    ( 3, 0 ) 0.00013327230443916684, 0.0034770709967946126, 0.0003635010668636402, 0.9960261556319026;
    ( 3, 1 ) 0.00021252951311898674, 0.010589228215505803, 0.00032471003963127664, 0.9888735322317439;

}
probability ( ESTUDIA | EDAD_VICTIMA, NIVEL_EDUCATIVO_VICTIMA ) {
    ( 0, 0 ) 0.4534413732236733, 0.5465586267763267;
    ( 0, 1 ) 0.17517401392111367, 0.8248259860788862;
    ( 0, 2 ) 0.5, 0.5;
    ( 0, 3 ) 0.5, 0.5;
    ( 0, 4 ) 0.5, 0.5;
    ( 0, 5 ) 0.5, 0.5;
    ( 0, 6 ) 0.5, 0.5;
    ( 0, 7 ) 0.5, 0.5;
    ( 1, 0 ) 0.22891599977614865, 0.7710840002238514;
    ( 1, 1 ) 0.1006401437515793, 0.8993598562484207;
    ( 1, 2 ) 0.1191485603250309, 0.880851439674969;
    ( 1, 3 ) 0.07408450704225351, 0.9259154929577464;
    ( 1, 4 ) 0.5, 0.5;
    ( 1, 5 ) 0.5, 0.5;
    ( 1, 6 ) 0.5, 0.5;
    ( 1, 7 ) 0.5, 0.5;
    ( 2, 0 ) 0.43193026324928807, 0.5680697367507119;
    ( 2, 1 ) 0.2977186960842291, 0.702281303915771;
    ( 2, 2 ) 0.4922832566977561, 0.5077167433022439;
    ( 2, 3 ) 0.1925329648392887, 0.8074670351607113;
    ( 2, 4 ) 0.6992890896165266, 0.3007109103834734;
    ( 2, 5 ) 0.08444037065869767, 0.9155596293413023;
    ( 2, 6 ) 0.5, 0.5;
    ( 2, 7 ) 0.5, 0.5;
    ( 3, 0 ) 0.843104632123805, 0.156895367876195;
    ( 3, 1 ) 0.9775864419101277, 0.02241355808987232;
    ( 3, 2 ) 0.9847996365687992, 0.015200363431200863;
    ( 3, 3 ) 0.8882240577239968, 0.11177594227600314;
    ( 3, 4 ) 0.911375339916082, 0.08862466008391795;
    ( 3, 5 ) 0.36787577600051136, 0.6321242239994886;
    ( 3, 6 ) 0.8794314868267291, 0.1205685131732708;
    ( 3, 7 ) 0.3763796909492274, 0.6236203090507726;
    ( 4, 0 ) 0.9565244214125818, 0.043475578587418254;
    ( 4, 1 ) 0.9906578081792177, 0.00934219182078232;
    ( 4, 2 ) 0.9924719569554304, 0.007528043044569483;
    ( 4, 3 ) 0.9539917848397779, 0.04600821516022217;
    ( 4, 4 ) 0.9605845303425841, 0.039415469657416;
    ( 4, 5 ) 0.6518173726876909, 0.34818262731230903;
    ( 4, 6 ) 0.8975904029902726, 0.10240959700972735;
    ( 4, 7 ) 0.7332071389940509, 0.2667928610059491;
    ( 5, 0 ) 0.9952264309012583, 0.004773569098741649;
    ( 5, 1 ) 0.996153143854678, 0.003846856145321935;
    ( 5, 2 ) 0.9961154366817024, 0.0038845633182975855;
    ( 5, 3 ) 0.9809143445628126, 0.019085655437187397;
    ( 5, 4 ) 0.9841406518584931, 0.015859348141506944;
    ( 5, 5 ) 0.8596360711543325, 0.14036392884566745;
    ( 5, 6 ) 0.9312303906084155, 0.06876960939158451;
    ( 5, 7 ) 0.7999234889058914, 0.20007651109410868;
    ( 6, 0 ) 0.999596676893378, 0.0004033231066220829;
    ( 6, 1 ) 0.9994025162155534, 0.0005974837844466362;
    ( 6, 2 ) 0.9993487626490332, 0.000651237350966837;
    ( 6, 3 ) 0.9985406762595429, 0.0014593237404570423;
    ( 6, 4 ) 0.9974170956268914, 0.0025829043731085367;
    ( 6, 5 ) 0.9889150480674908, 0.011084951932509319;
    ( 6, 6 ) 0.9876503141055967, 0.01234968589440331;
    ( 6, 7 ) 0.9382083108472746, 0.06179168915272531;

}
probability ( ETNIA_VICTIMA ) {
    table 0.022435068750734515, 0.014326007756493125, 0.009060994241391469, 0.806459826850002, 0.14771810240137892 ;
}
probability ( FRECUENCIA_AGREDE | NIVEL_DE_RIESGO_VICTIMA, VINCULO_AGRESOR_VICTIMA ) {
    ( 0, 0 ) 0.05147882590185974, 0.0212301142729106, 0.07819852117409815, 0.7855142280976922, 0.06357831055343939;
    ( 0, 1 ) 0.08495114562443999, 0.04240852376279265, 0.09413991308005047, 0.7401239797877592, 0.03837643774495761;
    ( 0, 2 ) 0.06669769335931819, 0.02500799906919922, 0.05897495564152534, 0.817635766019954, 0.0316835859100032;
    ( 1, 0 ) 0.05299816063764561, 0.024524831391784182, 0.08721030042918454, 0.7657142857142858, 0.06955242182709993;
    ( 1, 1 ) 0.07287192997059612, 0.048301570982161944, 0.13152897981772738, 0.6907754573126149, 0.05652206191689971;
    ( 1, 2 ) 0.05763578223162519, 0.028892585474571617, 0.08739643728096384, 0.7800675075501865, 0.046007687462652824;
    ( 2, 0 ) 0.051419410338625154, 0.02608117619457261, 0.09048252131070617, 0.7457574098693985, 0.08625948228669741;
    ( 2, 1 ) 0.06000066528261793, 0.046000379602434936, 0.1626694269372932, 0.6487346911621118, 0.08259483701554218;
    ( 2, 2 ) 0.046334868816342877, 0.02470458642098938, 0.10816142599639494, 0.7499499299018626, 0.07084918886441016;

}
probability ( HIJOS_VIVIENTES | EDAD_VICTIMA, SEGURO_VICTIMA ) {
    ( 0, 0 ) 0.9992809893586425, 0.0007190106413574921;
    ( 0, 1 ) 0.9998475516799805, 0.00015244832001951343;
    ( 1, 0 ) 0.9997565014122918, 0.00024349858770819128;
    ( 1, 1 ) 0.9999397198177127, 6.0280182287271234e-05;
    ( 2, 0 ) 0.5921285253262242, 0.40787147467377577;
    ( 2, 1 ) 0.33881863299723985, 0.6611813670027602;
    ( 3, 0 ) 0.6011115544661688, 0.3988884455338312;
    ( 3, 1 ) 0.3450285835461268, 0.6549714164538731;
    ( 4, 0 ) 0.43069401123954365, 0.5693059887604563;
    ( 4, 1 ) 0.23039951261546565, 0.7696004873845343;
    ( 5, 0 ) 0.27080449329999295, 0.7291955067000071;
    ( 5, 1 ) 0.15303999684189556, 0.8469600031581045;
    ( 6, 0 ) 0.15365259310271762, 0.8463474068972825;
    ( 6, 1 ) 0.09853774647372875, 0.9014622535262713;

}
probability ( LENGUA_MATERNA_VICTIMA | ETNIA_VICTIMA ) {
    ( 0 ) 0.7396979221232757, 0.25550026191723413, 0.0007420988301030208, 0.004059717129387114;
    ( 1 ) 0.0003418102269619907, 0.9770987147935466, 0.003349740224227509, 0.01920973475526388;
    ( 2 ) 0.0014051015996541288, 0.6174881106787722, 0.35722006052745353, 0.02388672719412019;
    ( 3 ) 0.003921259077550822, 0.9542479294683409, 0.001628494401670998, 0.04020231705243728;
    ( 4 ) 0.0006696191789540681, 0.2628155829001803, 0.0005635408931791662, 0.7359512570276864;

}
probability ( NIVEL_DE_RIESGO_VICTIMA | CONDICION, VIOLENCIA_FISICA, VIOLENCIA_SEXUAL ) {
    ( 0, 0, 0 ) 0.4552380952380953, 0.43653679653679656, 0.10822510822510822;
    ( 0, 0, 1 ) 0.4804156674660272, 0.3365307753796963, 0.18305355715427657;
    ( 0, 1, 0 ) 0.3692480359147026, 0.42850729517396186, 0.20224466891133558;
    ( 0, 1, 1 ) 0.11711711711711711, 0.44144144144144143, 0.44144144144144143;
    ( 1, 0, 0 ) 0.3526793604884711, 0.4955571623684422, 0.1517634771430867;
    ( 1, 0, 1 ) 0.18249424152681804, 0.5118130964132939, 0.3056926620598881;
    ( 1, 1, 0 ) 0.19527937096611897, 0.5192260698319606, 0.28549455920192046;
    ( 1, 1, 1 ) 0.10900045228403436, 0.4237901402080506, 0.46720940750791495;
    ( 2, 0, 0 ) 0.3079009490626434, 0.5099982313062876, 0.1821008196310689;
    ( 2, 0, 1 ) 0.11504072186090115, 0.442268705689342, 0.44269057244975685;
    ( 2, 1, 0 ) 0.15289604539869042, 0.5319927939224594, 0.31511116067885026;
    ( 2, 1, 1 ) 0.04384364460662354, 0.37225631669154646, 0.58390003870183;
    ( 3, 0, 0 ) 0.19512896014569828, 0.528234639915507, 0.27663639993879474;
    ( 3, 0, 1 ) 0.09307591467048026, 0.35764509593612204, 0.5492789893933977;
    ( 3, 1, 0 ) 0.08484030370469461, 0.4700571979877335, 0.445102498307572;
    ( 3, 1, 1 ) 0.016933426119229877, 0.28415680816515887, 0.6989097657156113;
    ( 4, 0, 0 ) 0.2994296512389741, 0.5269346685149553, 0.17363568024607068;
    ( 4, 0, 1 ) 0.10437424916966999, 0.43933290933502933, 0.4562928414953007;
    ( 4, 1, 0 ) 0.1332675799086758, 0.5223525114155251, 0.3443799086757991;
    ( 4, 1, 1 ) 0.027003098716246125, 0.3191677733510403, 0.6538291279327135;

}
probability ( NIVEL_EDUCATIVO_AGRESOR | AREA_RESIDENCIA_DOMICILIO, NIVEL_EDUCATIVO_VICTIMA ) {
    ( 0, 0 ) 0.11501595195646054, 0.27055691095054896, 0.2369264333302055, 0.14714506896875293, 0.19548888054799662, 0.008719620906446467, 0.026135403959838602, 1.17293797503988e-05;
    ( 0, 1 ) 0.046003321405137014, 0.25922264914191395, 0.21105889236888567, 0.19796267985307348, 0.24233827598103214, 0.012018108760797949, 0.03139184463129697, 4.227857862800939e-06;
    ( 0, 2 ) 0.028050620181025814, 0.14452013792442892, 0.2879615439873569, 0.19631842344715292, 0.29271227431636415, 0.014871174752167041, 0.03540658972271443, 0.0001592356687898089;
    ( 0, 3 ) 0.025084283083794564, 0.12652461119730293, 0.14026758537017453, 0.2659299054633691, 0.3524247491638796, 0.0271457292097253, 0.06261978129345008, 3.3552183039237264e-06;
    ( 0, 4 ) 0.012549339570167737, 0.07259450747548937, 0.09457532786940176, 0.19311373734259923, 0.4738248972999779, 0.04611029948867787, 0.10712047902104932, 0.00011141193263682726;
    ( 0, 5 ) 0.010219332040279512, 0.051455349788771684, 0.05613159922416771, 0.13435249887079204, 0.4004736031033292, 0.12074886414963998, 0.22617703323856844, 0.00044171958445147065;
    ( 0, 6 ) 0.008822875415598992, 0.034235297854768004, 0.054565235806103216, 0.09556394400796256, 0.3513823298955973, 0.08404364583553928, 0.3700181063509879, 0.0013685648334427478;
    ( 0, 7 ) 0.003787878787878788, 0.003787878787878788, 0.003787878787878788, 0.003787878787878788, 0.2946969696969697, 0.003787878787878788, 0.6825757575757576, 0.003787878787878788;
    ( 1, 0 ) 0.05072592312725195, 0.14096063289622823, 0.15098671175944783, 0.17723144760728735, 0.34457849922132017, 0.04084728660025618, 0.09377908530460666, 0.0008904134836016477;
    ( 1, 1 ) 0.026736936161294616, 0.15746736695431515, 0.13490107422123918, 0.20785635795668564, 0.36255781054849573, 0.033307443081567745, 0.0766727887553704, 0.0005002223210315696;
    ( 1, 2 ) 0.021083342235727484, 0.09097307124684954, 0.2012519733640367, 0.20308784486885784, 0.37673596685935407, 0.030579229329629937, 0.07615948738036171, 0.00012908471518273648;
    ( 1, 3 ) 0.0175520946576236, 0.07624318789145515, 0.089844259593062, 0.2625060493628005, 0.40015517930662026, 0.052026098178528095, 0.10113359798564986, 0.000539533024260575;
    ( 1, 4 ) 0.00944171500786559, 0.0470040582546297, 0.06291626613076012, 0.1703603333680878, 0.4797867812266195, 0.07263224559429599, 0.1574179154411891, 0.0004406849765521793;
    ( 1, 5 ) 0.006320123181571968, 0.02375717821835595, 0.03149163431387994, 0.10963035817178521, 0.3625885070816456, 0.18245164346401774, 0.27971933462960286, 0.004041220939140794;
    ( 1, 6 ) 0.007071134025895147, 0.019136654991273313, 0.02688916167490996, 0.07714396732482218, 0.31938250362972226, 0.12827229485458078, 0.41596126647023796, 0.006143017028558365;
    ( 1, 7 ) 0.001901956297906418, 0.00739331884223773, 0.0037324104793501887, 0.027528314838119208, 0.1776255577165084, 0.10074648209587003, 0.5089377645578309, 0.1721341951721771;

}
probability ( NIVEL_EDUCATIVO_VICTIMA | LENGUA_MATERNA_VICTIMA ) {
    ( 0 ) 0.06054427635145124, 0.164225348642389, 0.13938919824570048, 0.20404203419898487, 0.3065404326615089, 0.04694352732469324, 0.0772988222539792, 0.0010163603212930566;
    ( 1 ) 0.029650029073694472, 0.10506073171734495, 0.07894961734319293, 0.2241371867236002, 0.2544772021121011, 0.13596460057442572, 0.16921316010501772, 0.0025474723506228817;
    ( 2 ) 0.09185428392745466, 0.1877475505524286, 0.13771628100896394, 0.3011517615176152, 0.14021784448613717, 0.06683864915572232, 0.07350948509485095, 0.0009641442568271837;
    ( 3 ) 0.09357399536989047, 0.21810320997892263, 0.12845876092740402, 0.19626567844925882, 0.22097802425624546, 0.05692011333402439, 0.08547475899243288, 0.0002254586918212916;

}
probability ( REDES_FAM_SOC | HIJOS_VIVIENTES, VINCULO_AFECTIVO ) {
    ( 0, 0 ) 0.8742665252739484, 0.12573347472605162;
    ( 0, 1 ) 0.030316858060482257, 0.9696831419395178;
    ( 1, 0 ) 0.7135079819893574, 0.28649201801064267;
    ( 1, 1 ) 0.056726847766462356, 0.9432731522335377;

}
probability ( SEGURO_VICTIMA | AREA_RESIDENCIA_DOMICILIO, ETNIA_VICTIMA, VIOLENCIA_PSICOLOGICA ) {
    ( 0, 0, 0 ) 0.07928802588996764, 0.9207119741100324;
    ( 0, 0, 1 ) 0.06512992455993294, 0.9348700754400671;
    ( 0, 1, 0 ) 0.052795031055900624, 0.9472049689440993;
    ( 0, 1, 1 ) 0.06521739130434782, 0.9347826086956522;
    ( 0, 2, 0 ) 0.09463986599664992, 0.9053601340033501;
    ( 0, 2, 1 ) 0.06370510396975425, 0.9362948960302457;
    ( 0, 3, 0 ) 0.057002373685995256, 0.9429976263140047;
    ( 0, 3, 1 ) 0.07499669151704971, 0.9250033084829503;
    ( 0, 4, 0 ) 0.038278224605302356, 0.9617217753946976;
    ( 0, 4, 1 ) 0.04387762945502063, 0.9561223705449794;
    ( 1, 0, 0 ) 0.11162483487450463, 0.8883751651254954;
    ( 1, 0, 1 ) 0.13103860930906341, 0.8689613906909366;
    ( 1, 1, 0 ) 0.12042175360710322, 0.8795782463928968;
    ( 1, 1, 1 ) 0.16123351625849783, 0.8387664837415022;
    ( 1, 2, 0 ) 0.08707360861759425, 0.9129263913824057;
    ( 1, 2, 1 ) 0.10498807995598752, 0.8950119200440124;
    ( 1, 3, 0 ) 0.11971717432316946, 0.8802828256768306;
    ( 1, 3, 1 ) 0.1607831651543452, 0.8392168348456548;
    ( 1, 4, 0 ) 0.07534492026518545, 0.9246550797348145;
    ( 1, 4, 1 ) 0.12024012054634715, 0.8797598794536529;

}
probability ( SEXO_AGRESOR | ESTADO_AGRESOR_U_A, VINCULO_AGRESOR_VICTIMA, VIOLENCIA_FISICA, VIOLENCIA_PSICOLOGICA, VIOLENCIA_SEXUAL ) {
    ( 0, 0, 0, 0, 0 ) 0.9935732647814909, 0.006426735218508997;
    ( 0, 0, 0, 0, 1 ) 0.9980047885075819, 0.0019952114924181967;
    ( 0, 0, 0, 1, 0 ) 0.9971231300345225, 0.002876869965477561;
    ( 0, 0, 0, 1, 1 ) 0.9752475247524752, 0.02475247524752475;
    ( 0, 0, 1, 0, 0 ) 0.9752475247524752, 0.02475247524752475;
    ( 0, 0, 1, 0, 1 ) 0.9752475247524752, 0.02475247524752475;
    ( 0, 0, 1, 1, 0 ) 0.9982698961937717, 0.001730103806228374;
    ( 0, 0, 1, 1, 1 ) 0.9873096446700508, 0.01269035532994924;
    ( 0, 1, 0, 0, 0 ) 0.9963072378138847, 0.003692762186115214;
    ( 0, 1, 0, 0, 1 ) 0.9978392394122731, 0.00216076058772688;
    ( 0, 1, 0, 1, 0 ) 0.9999574518780742, 4.25481219258982e-05;
    ( 0, 1, 0, 1, 1 ) 0.991467576791809, 0.008532423208191128;
    ( 0, 1, 1, 0, 0 ) 0.9993951125090733, 0.0006048874909266878;
    ( 0, 1, 1, 0, 1 ) 0.9873096446700508, 0.01269035532994924;
    ( 0, 1, 1, 1, 0 ) 0.999973319388267, 2.668061173306582e-05;
    ( 0, 1, 1, 1, 1 ) 0.9990716672855551, 0.000928332714444857;
    ( 0, 2, 0, 0, 0 ) 0.9956970740103269, 0.004302925989672977;
    ( 0, 2, 0, 0, 1 ) 0.9976437323279925, 0.0023562676720075403;
    ( 0, 2, 0, 1, 0 ) 0.9844309282234841, 0.015569071776515864;
    ( 0, 2, 0, 1, 1 ) 0.9873096446700508, 0.01269035532994924;
    ( 0, 2, 1, 0, 0 ) 0.9213886671987231, 0.07861133280127695;
    ( 0, 2, 1, 0, 1 ) 0.5, 0.5;
    ( 0, 2, 1, 1, 0 ) 0.9570919418611127, 0.042908058138887345;
    ( 0, 2, 1, 1, 1 ) 0.9752475247524752, 0.02475247524752475;
    ( 1, 0, 0, 0, 0 ) 0.9916617286040802, 0.00833827139591975;
    ( 1, 0, 0, 0, 1 ) 0.985776322084422, 0.014223677915577963;
    ( 1, 0, 0, 1, 0 ) 0.9880684747860162, 0.011931525213983706;
    ( 1, 0, 0, 1, 1 ) 0.9756006935843449, 0.024399306415655193;
    ( 1, 0, 1, 0, 0 ) 0.9347534384434754, 0.06524656155652464;
    ( 1, 0, 1, 0, 1 ) 0.9971231300345225, 0.002876869965477561;
    ( 1, 0, 1, 1, 0 ) 0.9750697701182495, 0.024930229881750435;
    ( 1, 0, 1, 1, 1 ) 0.9988703117939448, 0.0011296882060551287;
    ( 1, 1, 0, 0, 0 ) 0.9729890278845482, 0.02701097211545182;
    ( 1, 1, 0, 0, 1 ) 0.9998974947722334, 0.00010250522776661611;
    ( 1, 1, 0, 1, 0 ) 0.9999272961610504, 7.270383894959585e-05;
    ( 1, 1, 0, 1, 1 ) 0.9998729997459995, 0.00012700025400050801;
    ( 1, 1, 1, 0, 0 ) 0.9999886679388794, 1.1332061120604862e-05;
    ( 1, 1, 1, 0, 1 ) 0.9994691017201105, 0.0005308982798895732;
    ( 1, 1, 1, 1, 0 ) 0.9999021833238891, 9.781667611088996e-05;
    ( 1, 1, 1, 1, 1 ) 0.999951054290581, 4.894570941911233e-05;
    ( 1, 2, 0, 0, 0 ) 0.9839450304462116, 0.016054969553788306;
    ( 1, 2, 0, 0, 1 ) 0.997035007976882, 0.0029649920231179074;
    ( 1, 2, 0, 1, 0 ) 0.9377566330972565, 0.06224336690274338;
    ( 1, 2, 0, 1, 1 ) 0.9767084417119887, 0.023291558288011355;
    ( 1, 2, 1, 0, 0 ) 0.8525832533918049, 0.14741674660819512;
    ( 1, 2, 1, 0, 1 ) 0.9967658473479949, 0.0032341526520051752;
