network unknown {
}
variable AGRESOR_VIVE_CASA_VICTIMA {
    type discrete [ 3 ] { 0, 1, 2 };
}
variable AREA_RESIDENCIA_DOMICILIO {
    type discrete [ 2 ] { 0, 1 };
}
variable CONDICION {
    type discrete [ 5 ] { 0, 1, 2, 3, 4 };
}
variable EDAD_AGRESOR {
    type discrete [ 5 ] { 0, 1, 2, 3, 4 };
}
variable EDAD_VICTIMA {
    type discrete [ 7 ] { 0, 1, 2, 3, 4, 5, 6 };
}
variable ESTADO_AGRESOR_G {
    type discrete [ 4 ] { 0, 1, 2, 3 };
}
variable ESTADO_AGRESOR_U_A {
    type discrete [ 4 ] { 0, 1, 2, 3 };
}
variable ESTADO_CIVIL_VICTIMA {
    type discrete [ 4 ] { 0, 1, 2, 3 };
}
variable ESTADO_VICTIMA_G {
    type discrete [ 4 ] { 0, 1, 2, 3 };
}
variable ESTADO_VICTIMA_U_A {
    type discrete [ 4 ] { 0, 1, 2, 3 };
}
variable ESTUDIA {
    type discrete [ 2 ] { 0, 1 };
}
variable ETNIA_VICTIMA {
    type discrete [ 5 ] { 0, 1, 2, 3, 4 };
}
variable FRECUENCIA_AGREDE {
    type discrete [ 5 ] { 0, 1, 2, 3, 4 };
}
variable HIJOS_VIVIENTES {
    type discrete [ 2 ] { 0, 1 };
}
variable LENGUA_MATERNA_VICTIMA {
    type discrete [ 4 ] { 0, 1, 2, 3 };
}
variable NIVEL_DE_RIESGO_VICTIMA {
    type discrete [ 3 ] { 0, 1, 2 };
}
variable NIVEL_EDUCATIVO_AGRESOR {
    type discrete [ 8 ] { 0, 1, 2, 3, 4, 5, 6, 7 };
}
variable NIVEL_EDUCATIVO_VICTIMA {
    type discrete [ 8 ] { 0, 1, 2, 3, 4, 5, 6, 7 };
}
variable REDES_FAM_SOC {
    type discrete [ 2 ] { 0, 1 };
}
variable SEGURO_VICTIMA {
    type discrete [ 2 ] { 0, 1 };
}
variable SEXO_AGRESOR {
    type discrete [ 2 ] { 0, 1 };
}
variable TRABAJA_VICTIMA {
    type discrete [ 2 ] { 0, 1 };
}
variable TRATAMIENTO_VICTIMA {
    type discrete [ 2 ] { 0, 1 };
}
variable VINCULO_AFECTIVO {
    type discrete [ 2 ] { 0, 1 };
}
variable VINCULO_AGRESOR_VICTIMA {
    type discrete [ 3 ] { 0, 1, 2 };
}
variable VIOLENCIA_ECONOMICA {
    type discrete [ 2 ] { 0, 1 };
}
variable VIOLENCIA_FISICA {
    type discrete [ 2 ] { 0, 1 };
}
variable VIOLENCIA_PSICOLOGICA {
    type discrete [ 2 ] { 0, 1 };
}
variable VIOLENCIA_SEXUAL {
    type discrete [ 2 ] { 0, 1 };
}
probability ( AGRESOR_VIVE_CASA_VICTIMA | EDAD_VICTIMA, VINCULO_AGRESOR_VICTIMA ) {
    ( 0, 0 ) 0.00392156862745098, 0.8933333333333333, 0.1027450980392157;
    ( 0, 1 ) 0.3333333333333333, 0.3333333333333333, 0.3333333333333333;
    ( 0, 2 ) 0.017208911879480898, 0.4553044740902078, 0.5274866140303113;
    ( 1, 0 ) 0.00024938899695745427, 0.924085989326151, 0.07566462167689163;
    ( 1, 1 ) 0.3333333333333333, 0.3333333333333333, 0.3333333333333333;
    ( 1, 2 ) 0.020454395909120817, 0.4560174087965182, 0.5235281952943609;
    ( 2, 0 ) 0.007280187521324346, 0.9301669170200415, 0.06255289545863409;
    ( 2, 1 ) 0.00942000056455483, 0.6989108124347234, 0.2916691870007218;
    ( 2, 2 ) 0.018083458698195807, 0.5428506278871359, 0.4390659134146683;
    ( 3, 0 ) 0.004410968685577399, 0.938211887733361, 0.05737714358106163;
    ( 3, 1 ) 0.01113302678529628, 0.6479590943602083, 0.3409078788544956;
    ( 3, 2 ) 0.019008206318815234, 0.5535772615117115, 0.42741453216947334;
    ( 4, 0 ) 0.005125376358914247, 0.92241835022639, 0.07245627341469581;
    ( 4, 1 ) 0.015027272541540095, 0.5712686684512442, 0.4137040590072157;
    ( 4, 2 ) 0.01663541833507633, 0.627805676204474, 0.35555890546044966;
    ( 5, 0 ) 0.0022683452421458543, 0.9088266984235, 0.0889049563343541;
    ( 5, 1 ) 0.019047726499669466, 0.4665723536141915, 0.5143799198861391;
    ( 5, 2 ) 0.016688440199337632, 0.5807986305891152, 0.4025129292115471;
    ( 6, 0 ) 0.002474256813302769, 0.8873121566059019, 0.11021358658079543;
    ( 6, 1 ) 0.014107171378374061, 0.32930841718575304, 0.6565844114358729;
    ( 6, 2 ) 0.016963705432742917, 0.4884617144949425, 0.4945745800723145;

}
probability ( AREA_RESIDENCIA_DOMICILIO | ETNIA_VICTIMA, LENGUA_MATERNA_VICTIMA ) {
    ( 0, 0 ) 0.2984066096193567, 0.7015933903806433;
    ( 0, 1 ) 0.20579190158892877, 0.7942080984110712;
    ( 0, 2 ) 0.2647058823529412, 0.7352941176470589;
    ( 0, 3 ) 0.0913978494623656, 0.9086021505376344;
    ( 1, 0 ) 0.1, 0.9;
    ( 1, 1 ) 0.10358217309172323, 0.8964178269082768;
    ( 1, 2 ) 0.09183673469387756, 0.9081632653061225;
    ( 1, 3 ) 0.11565836298932385, 0.8843416370106761;
    ( 2, 0 ) 0.038461538461538464, 0.9615384615384616;
    ( 2, 1 ) 0.17372658848240854, 0.8262734115175915;
    ( 2, 2 ) 0.6609682299546142, 0.33903177004538576;
    ( 2, 3 ) 0.2918552036199095, 0.7081447963800905;
    ( 3, 0 ) 0.09925673583152679, 0.9007432641684732;
    ( 3, 1 ) 0.15205240619253357, 0.8479475938074664;
    ( 3, 2 ) 0.40604026845637586, 0.5939597315436241;
    ( 3, 3 ) 0.23393747168101495, 0.766062528318985;
    ( 4, 0 ) 0.3613861386138614, 0.6386138613861386;
    ( 4, 1 ) 0.16590146565424688, 0.8340985343457531;
    ( 4, 2 ) 0.38235294117647056, 0.6176470588235294;
    ( 4, 3 ) 0.321971983243998, 0.678028016756002;

}
probability ( CONDICION | HIJOS_VIVIENTES, NIVEL_DE_RIESGO_VICTIMA, VINCULO_AGRESOR_VICTIMA ) {
    ( 0, 0, 0 ) 0.017141954340785213, 0.07686231139900467, 0.7778655502014378, 0.022829607393948972, 0.10530057666482345;
    ( 0, 0, 1 ) 0.005843119817958309, 0.04454267256035362, 0.7988543928020296, 0.10970104360107762, 0.04105877121858081;
    ( 0, 0, 2 ) 0.009504644870129236, 0.0471324886930869, 0.7566107589063309, 0.055044885758662114, 0.13170722177179084;
    ( 0, 1, 0 ) 0.00552822879031907, 0.05645758063814042, 0.785139076306969, 0.029034083489313543, 0.12384103077525789;
    ( 0, 1, 1 ) 0.0024238010302893953, 0.032734070756434676, 0.7701169686946963, 0.14737869977571144, 0.04734645974286836;
    ( 0, 1, 2 ) 0.0019994463071764746, 0.04385862376572641, 0.7430619213140977, 0.07475468331846566, 0.13632532529453384;
    ( 0, 2, 0 ) 0.004956208839703985, 0.06972639011473963, 0.7858646208160772, 0.029397786679340083, 0.11005499355013919;
    ( 0, 2, 1 ) 0.001814483877602322, 0.029785872620489498, 0.7094906190726479, 0.20658150323362054, 0.052327521195639756;
    ( 0, 2, 2 ) 0.004105376376664495, 0.044189604762842546, 0.7370741240096347, 0.09000015148990319, 0.12463074336095498;
    ( 1, 0, 0 ) 0.009416359297027554, 0.0945541332176177, 0.7030158385766977, 0.03675417661097852, 0.15625949229767844;
    ( 1, 0, 1 ) 0.008129941449800138, 0.06792726271902572, 0.701353126726887, 0.15566870434836835, 0.06692096475591901;
    ( 1, 0, 2 ) 0.00594807165486126, 0.056405326043518805, 0.6575138566323605, 0.063494361784074, 0.21663838388518544;
    ( 1, 1, 0 ) 0.007084691943937039, 0.09712003004592244, 0.6831179473172063, 0.0473393994229817, 0.16533793126995233;
    ( 1, 1, 1 ) 0.003381952771456467, 0.04844693749512754, 0.6572385297600707, 0.20946204305585975, 0.08147053691748554;
    ( 1, 1, 2 ) 0.0026531893860405583, 0.06020005588824755, 0.640374150784088, 0.09416568762075318, 0.20260691632087066;
    ( 1, 2, 0 ) 0.003487190752079958, 0.06279689173233752, 0.7226173151377029, 0.05884291166698701, 0.15225569071089265;
    ( 1, 2, 1 ) 0.001973044600766562, 0.039571681270516246, 0.6013777701981883, 0.27123574833162584, 0.08584175559890307;
    ( 1, 2, 2 ) 0.001892168814365525, 0.05937521034485337, 0.6374365225975813, 0.11753135540614318, 0.1837647428370566;

}
probability ( EDAD_AGRESOR | EDAD_VICTIMA, VINCULO_AGRESOR_VICTIMA ) {
    ( 0, 0 ) 0.002352941176470588, 0.10117647058823528, 0.15058823529411763, 0.6447058823529412, 0.10117647058823528;
    ( 0, 1 ) 0.2, 0.2, 0.2, 0.2, 0.2;
    ( 0, 2 ) 0.0007487067791995645, 0.16655322624557584, 0.44384699156003266, 0.3709501769670569, 0.01790089844813504;
    ( 1, 0 ) 0.009576537483166244, 0.0944186742480922, 0.20439922190632953, 0.49977554990273837, 0.19183001645967385;
    ( 1, 1 ) 0.2, 0.2, 0.2, 0.2, 0.2;
    ( 1, 2 ) 0.002382899523420095, 0.062491187501762496, 0.376357124728575, 0.5247031950593609, 0.03406559318688136;
    ( 2, 0 ) 0.029324577611761733, 0.20044664814494795, 0.262977388437662, 0.39697183192204927, 0.11027955388357903;
    ( 2, 1 ) 0.08715113536008515, 0.6676546376162881, 0.19791679268336937, 0.04548698902747364, 0.001790445312783537;
    ( 2, 2 ) 0.002985567823115252, 0.05131698324313826, 0.24726008933514593, 0.6463290559518599, 0.052108303646740656;
    ( 3, 0 ) 0.002211242787547939, 0.11322254085616557, 0.28082783401858824, 0.5072038143938086, 0.0965345679438897;
    ( 3, 1 ) 0.005797543951782803, 0.4293907510426908, 0.46093710880012706, 0.10246276540526018, 0.0014118308001392292;
    ( 3, 2 ) 0.001907102259878488, 0.06443442734166528, 0.16273688019176552, 0.7003135788696085, 0.07060801133708221;
    ( 4, 0 ) 0.0014824519065021028, 0.056505550575742955, 0.2816658622353996, 0.579224987933531, 0.08112114734882439;
    ( 4, 1 ) 0.00011638549354680315, 0.05604133682168434, 0.5334642727525032, 0.4050841866547848, 0.005293818277480922;
    ( 4, 2 ) 0.0019879591855962464, 0.0678732605357126, 0.24297383619593174, 0.5765552718604848, 0.11060967222227455;
    ( 5, 0 ) 0.0009144266757400474, 0.03619428376998979, 0.15453810820006803, 0.6564945559714188, 0.15185862538278325;
    ( 5, 1 ) 2.6952555979831966e-05, 0.005450057540572999, 0.09989369410478653, 0.8254709175652941, 0.06915837823336651;
    ( 5, 2 ) 0.005142820569776329, 0.10910987037532048, 0.23418657972313103, 0.5403952366789276, 0.11116549265284455;
    ( 6, 0 ) 0.000109158388822181, 0.0459556816941382, 0.16744896845322566, 0.5479751118873486, 0.2385110795764655;
    ( 6, 1 ) 1.1978917105893626e-05, 0.0002635361763296598, 0.0035337805462386197, 0.23496645903210348, 0.7612242453282223;
    ( 6, 2 ) 0.0006975147604009336, 0.03345324728820541, 0.15974735685843744, 0.6837237402169436, 0.12237814087601263;

}
probability ( EDAD_VICTIMA | LENGUA_MATERNA_VICTIMA, NIVEL_EDUCATIVO_VICTIMA ) {
    ( 0, 0 ) 0.0033283432408470564, 7.267124980015407e-05, 7.267124980015407e-05, 7.267124980015407e-05, 0.016351031205034665, 0.35168524628286557, 0.6284173655218522;
    ( 0, 1 ) 2.6791407459799494e-05, 0.007228321732653904, 0.007228321732653904, 0.015630107112047025, 0.10684949123117234, 0.6289604398077449, 0.23407652697626816;
    ( 0, 2 ) 3.156505874257432e-05, 3.156505874257432e-05, 0.004273908953744562, 0.03679854548209314, 0.20932053054550734, 0.6731501297323914, 0.07639375516877837;
    ( 0, 3 ) 2.15633423180593e-05, 2.15633423180593e-05, 0.07344043126684636, 0.11884420485175202, 0.32074609164420487, 0.45502533692722374, 0.03190080862533693;
    ( 0, 4 ) 1.4353174204475323e-05, 1.4353174204475323e-05, 0.008373641830890902, 0.17941754819078243, 0.3703951428858493, 0.4250520302564913, 0.01673293048757733;
    ( 0, 5 ) 9.37259827169288e-05, 9.37259827169288e-05, 0.0042926500084353395, 0.24363131947438474, 0.3989915084259659, 0.33600764804018973, 0.01688942208559057;
    ( 0, 6 ) 5.6919731794223785e-05, 5.6919731794223785e-05, 5.6919731794223785e-05, 0.1454071468415241, 0.3800075134045968, 0.4565076329360336, 0.017906947622462803;
    ( 0, 7 ) 0.004329004329004329, 0.004329004329004329, 0.004329004329004329, 0.1982683982683983, 0.1982683982683983, 0.5861471861471861, 0.004329004329004329;
    ( 1, 0 ) 0.21188418613700277, 0.04849678982649145, 0.03724508746175206, 0.044534922796653637, 0.11378835847821858, 0.3473800385574559, 0.19667061674242556;
    ( 1, 1 ) 0.0010296596692270722, 0.1362315414486435, 0.12241169974509085, 0.07312540344310046, 0.18672539673443947, 0.37725136973487405, 0.10322492922462455;
    ( 1, 2 ) 1.328485953785162e-06, 0.00571488087599301, 0.06880202184934278, 0.12147383294501689, 0.29115443569503596, 0.4355406658849855, 0.07731283426367204;
    ( 1, 3 ) 4.679431344272409e-07, 0.001971070070834424, 0.3238290963110264, 0.184985501717866, 0.2283597123796883, 0.23548742220328403, 0.0253667293741663;
    ( 1, 4 ) 4.1215266761280434e-07, 4.1215266761280434e-07, 0.03646768018304854, 0.24485734448222785, 0.3378811907288401, 0.3480181680193105, 0.032774792281237815;
    ( 1, 5 ) 7.714026831545248e-07, 7.714026831545248e-07, 0.023708135783534534, 0.36010388634214574, 0.35291564757943866, 0.24847883247895344, 0.014791955010561275;
    ( 1, 6 ) 6.198303821762567e-07, 6.198303821762567e-07, 6.198303821762567e-07, 0.12265364758403134, 0.39109078122553603, 0.44371190135077154, 0.04254181034851451;
    ( 1, 7 ) 4.117157843597408e-05, 4.117157843597408e-05, 4.117157843597408e-05, 0.012952578575957446, 0.2933145590935665, 0.632700114456988, 0.06090923313818006;
    ( 2, 0 ) 0.06374873353596758, 0.03651469098277609, 0.1091388044579534, 0.13637284701114488, 0.21807497467071935, 0.37240121580547114, 0.06374873353596758;
    ( 2, 1 ) 9.913750371765638e-05, 0.02674729850302369, 0.24881530683057398, 0.1777535441657579, 0.24437394666402298, 0.284346188162982, 0.01786457816992168;
    ( 2, 2 ) 0.0001351533991079876, 0.0001351533991079876, 0.12123259899986485, 0.2544397891606974, 0.3452628733612651, 0.272604406000811, 0.006190025679145832;
    ( 2, 3 ) 6.180546113054549e-05, 6.180546113054549e-05, 0.3323279644989431, 0.3212524258643493, 0.2160348088357087, 0.12743049975895868, 0.0028306901197789835;
    ( 2, 4 ) 0.00013274218812222904, 0.00013274218812222904, 0.03581384235537739, 0.2974752435819153, 0.4223590941673083, 0.2320598932752808, 0.012026442243873949;
    ( 2, 5 ) 0.000278473962684489, 0.000278473962684489, 0.025229741019214703, 0.34959621275410746, 0.4993038150932888, 0.12503480924533555, 0.000278473962684489;
    ( 2, 6 ) 0.00025320301817997664, 0.00025320301817997664, 0.00025320301817997664, 0.056970679090494754, 0.5220539828834759, 0.40861903073884637, 0.011596698232642932;
    ( 2, 7 ) 0.019305019305019305, 0.019305019305019305, 0.019305019305019305, 0.019305019305019305, 0.8841698841698842, 0.019305019305019305, 0.019305019305019305;
    ( 3, 0 ) 0.015072368204147573, 0.002665259965052257, 0.0029606673040783356, 0.012413702152912862, 0.07858494609475454, 0.5488734298242721, 0.3394296264547822;
    ( 3, 1 ) 2.8290223747379618e-06, 0.015465133713742541, 0.016479055332848627, 0.03510986508392295, 0.21292636903465267, 0.6040466336048252, 0.11597011420763327;
    ( 3, 2 ) 4.8032446878515375e-06, 0.001080730054766596, 0.011194442069506793, 0.0705856019858535, 0.2765179934349251, 0.5868152854616351, 0.05380114374862507;
    ( 3, 3 ) 3.1437939934671963e-06, 0.00014398576490079758, 0.14647879353761706, 0.1902806464897968, 0.3030950651865685, 0.3378830320006791, 0.022115333226444336;
    ( 3, 4 ) 2.792218199566536e-06, 2.792218199566536e-06, 0.01764067614122146, 0.23942768462007125, 0.369022349472913, 0.3551372068101085, 0.018766498519286686;
    ( 3, 5 ) 1.084008489954493e-05, 1.084008489954493e-05, 0.010694827761891028, 0.3249011926261406, 0.3826918532425945, 0.27050998263418397, 0.01118046356539064;
    ( 3, 6 ) 7.21872595261917e-06, 7.21872595261917e-06, 7.21872595261917e-06, 0.1180478255031813, 0.4065196645313675, 0.44856152447942155, 0.026849329308171743;
    ( 3, 7 ) 0.0027367268746579087, 0.0027367268746579087, 0.0027367268746579087, 0.0027367268746579087, 0.49315818281335516, 0.49315818281335516, 0.0027367268746579087;

}
probability ( ESTADO_AGRESOR_G | ESTADO_AGRESOR_U_A, VINCULO_AGRESOR_VICTIMA ) {
    ( 0, 0 ) 0.605475763016158, 0.1099640933572711, 0.002244165170556553, 0.28231597845601436;
    ( 0, 1 ) 0.5418172367704569, 0.13490668778773326, 0.08025592792436018, 0.24302014751744963;
    ( 0, 2 ) 0.6372959253669913, 0.09895047331595554, 0.0709630950747702, 0.1927905062422829;
    ( 1, 0 ) 0.0022519799286621124, 0.48831690949761203, 0.0015265098845293514, 0.5079046006891965;
    ( 1, 1 ) 0.004993616123912702, 0.509314080957432, 0.0024009924600160203, 0.48329131045863927;
    ( 1, 2 ) 0.005741312080794257, 0.5671717290891178, 0.0016355291799642513, 0.42545142965012356;
    ( 2, 0 ) 0.0021079258010118043, 0.0021079258010118043, 0.5282462057335582, 0.46753794266441817;
    ( 2, 1 ) 0.0539523916460813, 0.06095890410958905, 0.576207051426005, 0.30888165281832475;
    ( 2, 2 ) 0.05203834859215754, 0.05203834859215754, 0.6511055449991363, 0.24481775781654863;
    ( 3, 0 ) 0.0011551434281061991, 0.02120230077080051, 0.002170189369508443, 0.9754723664315849;
    ( 3, 1 ) 0.004036514566950918, 0.09379448537628025, 0.00545070490346067, 0.8967182951533081;
    ( 3, 2 ) 0.0019934675023322657, 0.04038697292417606, 0.0029500733613277005, 0.954669486212164;

}
probability ( ESTADO_AGRESOR_U_A | AGRESOR_VIVE_CASA_VICTIMA, SEXO_AGRESOR, VIOLENCIA_FISICA, VIOLENCIA_PSICOLOGICA ) {
    ( 0, 0, 0, 0 ) 0.0002922609305588029, 0.05079494973111994, 0.0002922609305588029, 0.9486205284077625;
    ( 0, 0, 0, 1 ) 0.008811497470125954, 0.2713155345031758, 0.004677575627085801, 0.7151953923996124;
    ( 0, 0, 1, 0 ) 0.0006259389083625439, 0.3251126690035053, 0.0006259389083625439, 0.6736354531797697;
    ( 0, 0, 1, 1 ) 0.01150343404865531, 0.3629085008427885, 0.007276912626732747, 0.6183111524818233;
    ( 0, 1, 0, 0 ) 0.04310344827586208, 0.8706896551724139, 0.04310344827586208, 0.04310344827586208;
    ( 0, 1, 0, 1 ) 0.0005773672055427253, 0.06709006928406466, 0.0005773672055427253, 0.9317551963048499;
    ( 0, 1, 1, 0 ) 0.004266211604095563, 0.004266211604095563, 0.004266211604095563, 0.9872013651877133;
    ( 0, 1, 1, 1 ) 0.0009433962264150943, 0.07339622641509433, 0.0009433962264150943, 0.9247169811320755;
    ( 1, 0, 0, 0 ) 0.003772128053388435, 0.10023930606716631, 0.005436865911936827, 0.8905516999675084;
    ( 1, 0, 0, 1 ) 0.008985417075062433, 0.2753606394117265, 0.010637575994393151, 0.705016367518818;
    ( 1, 0, 1, 0 ) 0.010337428784270112, 0.31931139766443883, 0.011092866360994241, 0.6592583071902969;
    ( 1, 0, 1, 1 ) 0.012845327493541458, 0.3723478488770318, 0.014219626487263878, 0.6005871971421629;
    ( 1, 1, 0, 0 ) 0.00038237993270113184, 0.08114102171918018, 0.00038237993270113184, 0.9180942184154175;
    ( 1, 1, 0, 1 ) 0.000575101883531651, 0.06223069467636652, 0.00029484918901876523, 0.9368993542510831;
    ( 1, 1, 1, 0 ) 0.0001563086157308991, 0.06317994247842941, 0.0001563086157308991, 0.9365074402901088;
    ( 1, 1, 1, 1 ) 0.001607836653715797, 0.09009258493841447, 0.001607836653715797, 0.9066917417541539;
    ( 2, 0, 0, 0 ) 0.004477127215366058, 0.13364108750115988, 0.004031734248863321, 0.8578500510346109;
    ( 2, 0, 0, 1 ) 0.009146637439767152, 0.4036662308640777, 0.007361086790645094, 0.5798260449055102;
    ( 2, 0, 1, 0 ) 0.0052504332440588, 0.413602651574827, 0.004087036610637808, 0.5770598785704765;
    ( 2, 0, 1, 1 ) 0.008735519800886467, 0.47183837771959414, 0.00775216374485124, 0.5116739387346683;
    ( 2, 1, 0, 0 ) 0.0015683814303638645, 0.09190715181932246, 0.0015683814303638645, 0.9049560853199498;
    ( 2, 1, 0, 1 ) 0.0014107901875734406, 0.1069045304861242, 0.0024552826657769137, 0.8892293966605255;
    ( 2, 1, 1, 0 ) 0.00262883914627798, 0.09258198854763146, 0.00013014055179593964, 0.9046590317542946;
    ( 2, 1, 1, 1 ) 0.0018169079869219988, 0.1076366184026156, 0.00047174217655301254, 0.8900747314339092;

}
probability ( ESTADO_CIVIL_VICTIMA | EDAD_VICTIMA, VINCULO_AGRESOR_VICTIMA ) {
    ( 0, 0 ) 0.002941176470588235, 0.002941176470588235, 0.9911764705882352, 0.002941176470588235;
    ( 0, 1 ) 0.25, 0.25, 0.25, 0.25;
    ( 0, 2 ) 4.254015790906615e-05, 4.254015790906615e-05, 0.9998723795262727, 4.254015790906615e-05;
    ( 1, 0 ) 0.0001870417477180907, 0.0001870417477180907, 0.9994388747568459, 0.0001870417477180907;
    ( 1, 1 ) 0.25, 0.25, 0.25, 0.25;
    ( 1, 2 ) 1.7624996475000702e-05, 1.7624996475000702e-05, 0.9999471250105749, 1.7624996475000702e-05;
    ( 2, 0 ) 1.661637444002818e-05, 1.661637444002818e-05, 0.9999501508766799, 1.661637444002818e-05;
    ( 2, 1 ) 1.5122004330942038e-05, 1.5122004330942038e-05, 0.9999546339870071, 1.5122004330942038e-05;
    ( 2, 2 ) 3.623261921256374e-06, 3.623261921256374e-06, 0.9999891302142364, 3.623261921256374e-06;
    ( 3, 0 ) 0.013828905089313477, 4.318833569429568e-05, 0.9853591541996337, 0.0007687523753584631;
    ( 3, 1 ) 0.04996275013892366, 0.0008478923295818855, 0.9489313564445313, 0.0002580010869631593;
    ( 3, 2 ) 0.021854411964239946, 0.00032601649304246877, 0.9776518520751986, 0.00016771946751895794;
    ( 4, 0 ) 0.14411673446873058, 0.004387023374474246, 0.846385230641936, 0.0051110115148589935;
    ( 4, 1 ) 0.16708153389193775, 0.007709161604356811, 0.8244708764240866, 0.0007384280796186963;
    ( 4, 2 ) 0.1325737947408587, 0.005353828470213587, 0.8571142558343304, 0.0049581209545972735;
    ( 5, 0 ) 0.30414788193263015, 0.03530643926505614, 0.6247926590677101, 0.035753019734603604;
    ( 5, 1 ) 0.31565971708591467, 0.0210877111388019, 0.6584210127140847, 0.004831559061198598;
    ( 5, 2 ) 0.2852618282990667, 0.03091810265310809, 0.6400938583578364, 0.043726210689988824;
    ( 6, 0 ) 0.32106211112323985, 0.03910599279554634, 0.4310937670559983, 0.2087381290252156;
    ( 6, 1 ) 0.5871496166746526, 0.028440943938667942, 0.35974185433636796, 0.024667585050311452;
    ( 6, 2 ) 0.31626115611698474, 0.04049018261705341, 0.34774818069476865, 0.2955004805711932;

}
probability ( ESTADO_VICTIMA_G | ESTADO_AGRESOR_G, ESTADO_VICTIMA_U_A ) {
    ( 0, 0 ) 0.47939068100358423, 0.02060931899641577, 0.0014934289127837516, 0.49850657108721624;
    ( 0, 1 ) 0.030420860018298263, 0.13289112534309241, 0.01578225068618481, 0.8209057639524245;
    ( 0, 2 ) 0.010683760683760684, 0.14743589743589744, 0.2841880341880342, 0.5576923076923077;
    ( 0, 3 ) 0.0039040451552210726, 0.0030439457062222818, 0.0004636473592259105, 0.9925883617793307;
    ( 1, 0 ) 0.09530386740331492, 0.18370165745856354, 0.09530386740331492, 0.6256906077348067;
    ( 1, 1 ) 0.0005974520690708497, 0.2418063716241712, 0.0008849478015560706, 0.7567112285052019;
    ( 1, 2 ) 0.007575757575757576, 0.2015151515151515, 0.29848484848484846, 0.49242424242424243;
    ( 1, 3 ) 0.00021898786246315734, 0.006020891385419771, 5.580932588000258e-05, 0.993704311426237;
    ( 2, 0 ) 0.02358490566037736, 0.02358490566037736, 0.6273584905660378, 0.32547169811320753;
    ( 2, 1 ) 0.0010955302366345311, 0.1693689745836985, 0.029141104294478526, 0.8003943908851884;
    ( 2, 2 ) 0.0014654161781946073, 0.02022274325908558, 0.414126611957796, 0.5641852286049238;
    ( 2, 3 ) 0.0012707381892303326, 0.0012707381892303326, 0.005399024692313646, 0.9920594989292257;
    ( 3, 0 ) 0.08269961977186312, 0.0015842839036755386, 0.0015842839036755386, 0.9141318124207858;
    ( 3, 1 ) 0.000422528052050373, 0.025837749228012657, 1.588451323497643e-05, 0.9737238382067019;
    ( 3, 2 ) 0.0010955302366345311, 0.0010955302366345311, 0.14132340052585451, 0.8564855390008764;
    ( 3, 3 ) 0.0003380876083228677, 0.000938387825429213, 0.0001076152035409673, 0.9986159093627069;

}
probability ( ESTADO_VICTIMA_U_A | ESTADO_AGRESOR_U_A, VIOLENCIA_FISICA ) {
    ( 0, 0 ) 0.028246107013230302, 0.011386254536939469, 0.0038929867696990985, 0.9564746516801311;
    ( 0, 1 ) 0.03005316530471596, 0.05446982376686029, 0.004848872698631486, 0.9106281382297923;
    ( 1, 0 ) 0.0002374138260737101, 0.04112769136526725, 0.0001336972058094272, 0.9585011976028496;
    ( 1, 1 ) 0.00012449034789048893, 0.11599530349103795, 8.404678309357882e-05, 0.883796159377978;
    ( 2, 0 ) 0.001955560594036957, 0.017373313683255866, 0.028256433510939802, 0.9524146922117673;
    ( 2, 1 ) 0.002456942687554734, 0.032037559599104794, 0.02736693587622847, 0.938138561837112;
    ( 3, 0 ) 0.00013327230443916684, 0.0034770709967946126, 0.0003635010668636402, 0.9960261556319026;
    ( 3, 1 ) 0.00021252951311898674, 0.010589228215505803, 0.00032471003963127664, 0.9888735322317439;

}
probability ( ESTUDIA | EDAD_VICTIMA, NIVEL_EDUCATIVO_VICTIMA ) {
    ( 0, 0 ) 0.4534413732236733, 0.5465586267763267;
    ( 0, 1 ) 0.17517401392111367, 0.8248259860788862;
    ( 0, 2 ) 0.5, 0.5;
    ( 0, 3 ) 0.5, 0.5;
    ( 0, 4 ) 0.5, 0.5;
    ( 0, 5 ) 0.5, 0.5;
    ( 0, 6 ) 0.5, 0.5;
    ( 0, 7 ) 0.5, 0.5;
    ( 1, 0 ) 0.22891599977614865, 0.7710840002238514;
    ( 1, 1 ) 0.1006401437515793, 0.8993598562484207;
    ( 1, 2 ) 0.1191485603250309, 0.880851439674969;
    ( 1, 3 ) 0.07408450704225351, 0.9259154929577464;
    ( 1, 4 ) 0.5, 0.5;
    ( 1, 5 ) 0.5, 0.5;
    ( 1, 6 ) 0.5, 0.5;
    ( 1, 7 ) 0.5, 0.5;
    ( 2, 0 ) 0.43193026324928807, 0.5680697367507119;
    ( 2, 1 ) 0.2977186960842291, 0.702281303915771;
    ( 2, 2 ) 0.4922832566977561, 0.5077167433022439;
    ( 2, 3 ) 0.1925329648392887, 0.8074670351607113;
    ( 2, 4 ) 0.6992890896165266, 0.3007109103834734;
    ( 2, 5 ) 0.08444037065869767, 0.9155596293413023;
    ( 2, 6 ) 0.5, 0.5;
    ( 2, 7 ) 0.5, 0.5;
    ( 3, 0 ) 0.843104632123805, 0.156895367876195;
    ( 3, 1 ) 0.9775864419101277, 0.02241355808987232;
    ( 3, 2 ) 0.9847996365687992, 0.015200363431200863;
    ( 3, 3 ) 0.8882240577239968, 0.11177594227600314;
    ( 3, 4 ) 0.911375339916082, 0.08862466008391795;
    ( 3, 5 ) 0.36787577600051136, 0.6321242239994886;
    ( 3, 6 ) 0.8794314868267291, 0.1205685131732708;
    ( 3, 7 ) 0.3763796909492274, 0.6236203090507726;
    ( 4, 0 ) 0.9565244214125818, 0.043475578587418254;
    ( 4, 1 ) 0.9906578081792177, 0.00934219182078232;
    ( 4, 2 ) 0.9924719569554304, 0.007528043044569483;
    ( 4, 3 ) 0.9539917848397779, 0.04600821516022217;
    ( 4, 4 ) 0.9605845303425841, 0.039415469657416;
    ( 4, 5 ) 0.6518173726876909, 0.34818262731230903;
    ( 4, 6 ) 0.8975904029902726, 0.10240959700972735;
    ( 4, 7 ) 0.7332071389940509, 0.2667928610059491;
    ( 5, 0 ) 0.9952264309012583, 0.004773569098741649;
    ( 5, 1 ) 0.996153143854678, 0.003846856145321935;
    ( 5, 2 ) 0.9961154366817024, 0.0038845633182975855;
    ( 5, 3 ) 0.9809143445628126, 0.019085655437187397;
    ( 5, 4 ) 0.9841406518584931, 0.015859348141506944;
    ( 5, 5 ) 0.8596360711543325, 0.14036392884566745;
    ( 5, 6 ) 0.9312303906084155, 0.06876960939158451;
    ( 5, 7 ) 0.7999234889058914, 0.20007651109410868;
    ( 6, 0 ) 0.999596676893378, 0.0004033231066220829;
    ( 6, 1 ) 0.9994025162155534, 0.0005974837844466362;
    ( 6, 2 ) 0.9993487626490332, 0.000651237350966837;
    ( 6, 3 ) 0.9985406762595429, 0.0014593237404570423;
    ( 6, 4 ) 0.9974170956268914, 0.0025829043731085367;
    ( 6, 5 ) 0.9889150480674908, 0.011084951932509319;
    ( 6, 6 ) 0.9876503141055967, 0.01234968589440331;
    ( 6, 7 ) 0.9382083108472746, 0.06179168915272531;

}
probability ( ETNIA_VICTIMA ) {
    table 0.022435068750734515, 0.014326007756493125, 0.009060994241391469, 0.806459826850002, 0.14771810240137892 ;
}
probability ( FRECUENCIA_AGREDE | NIVEL_DE_RIESGO_VICTIMA, VINCULO_AGRESOR_VICTIMA ) {
    ( 0, 0 ) 0.05147882590185974, 0.0212301142729106, 0.07819852117409815, 0.7855142280976922, 0.06357831055343939;
    ( 0, 1 ) 0.08495114562443999, 0.04240852376279265, 0.09413991308005047, 0.7401239797877592, 0.03837643774495761;
    ( 0, 2 ) 0.06669769335931819, 0.02500799906919922, 0.05897495564152534, 0.817635766019954, 0.0316835859100032;
    ( 1, 0 ) 0.05299816063764561, 0.024524831391784182, 0.08721030042918454, 0.7657142857142858, 0.06955242182709993;
    ( 1, 1 ) 0.07287192997059612, 0.048301570982161944, 0.13152897981772738, 0.6907754573126149, 0.05652206191689971;
    ( 1, 2 ) 0.05763578223162519, 0.028892585474571617, 0.08739643728096384, 0.7800675075501865, 0.046007687462652824;
    ( 2, 0 ) 0.051419410338625154, 0.02608117619457261, 0.09048252131070617, 0.7457574098693985, 0.08625948228669741;
    ( 2, 1 ) 0.06000066528261793, 0.046000379602434936, 0.1626694269372932, 0.6487346911621118, 0.08259483701554218;
    ( 2, 2 ) 0.046334868816342877, 0.02470458642098938, 0.10816142599639494, 0.7499499299018626, 0.07084918886441016;

}
probability ( HIJOS_VIVIENTES | EDAD_VICTIMA, SEGURO_VICTIMA ) {
    ( 0, 0 ) 0.9992809893586425, 0.0007190106413574921;
    ( 0, 1 ) 0.9998475516799805, 0.00015244832001951343;
    ( 1, 0 ) 0.9997565014122918, 0.00024349858770819128;
    ( 1, 1 ) 0.9999397198177127, 6.0280182287271234e-05;
    ( 2, 0 ) 0.5921285253262242, 0.40787147467377577;
    ( 2, 1 ) 0.33881863299723985, 0.6611813670027602;
    ( 3, 0 ) 0.6011115544661688, 0.3988884455338312;
    ( 3, 1 ) 0.3450285835461268, 0.6549714164538731;
    ( 4, 0 ) 0.43069401123954365, 0.5693059887604563;
    ( 4, 1 ) 0.23039951261546565, 0.7696004873845343;
    ( 5, 0 ) 0.27080449329999295, 0.7291955067000071;
    ( 5, 1 ) 0.15303999684189556, 0.8469600031581045;
    ( 6, 0 ) 0.15365259310271762, 0.8463474068972825;
    ( 6, 1 ) 0.09853774647372875, 0.9014622535262713;

}
probability ( LENGUA_MATERNA_VICTIMA | ETNIA_VICTIMA ) {
    ( 0 ) 0.7396979221232757, 0.25550026191723413, 0.0007420988301030208, 0.004059717129387114;
    ( 1 ) 0.0003418102269619907, 0.9770987147935466, 0.003349740224227509, 0.01920973475526388;
    ( 2 ) 0.0014051015996541288, 0.6174881106787722, 0.35722006052745353, 0.02388672719412019;
    ( 3 ) 0.003921259077550822, 0.9542479294683409, 0.001628494401670998, 0.04020231705243728;
    ( 4 ) 0.0006696191789540681, 0.2628155829001803, 0.0005635408931791662, 0.7359512570276864;

}
probability ( NIVEL_DE_RIESGO_VICTIMA | ESTADO_AGRESOR_G, SEXO_AGRESOR, VIOLENCIA_FISICA, VIOLENCIA_SEXUAL ) {
    ( 0, 0, 0, 0 ) 0.057181382805598174, 0.40802529409029614, 0.5347933231041057;
    ( 0, 0, 0, 1 ) 0.021847285312567594, 0.2502703871944625, 0.72788232749297;
    ( 0, 0, 1, 0 ) 0.019520319223583316, 0.3092563003542232, 0.6712233804221935;
    ( 0, 0, 1, 1 ) 0.02495675809241413, 0.1672844082036076, 0.8077588337039783;
    ( 0, 1, 0, 0 ) 0.010101010101010104, 0.7858585858585859, 0.20404040404040405;
    ( 0, 1, 0, 1 ) 0.33333333333333337, 0.33333333333333337, 0.33333333333333337;
    ( 0, 1, 1, 0 ) 0.010101010101010102, 0.397979797979798, 0.591919191919192;
    ( 0, 1, 1, 1 ) 0.33333333333333337, 0.33333333333333337, 0.33333333333333337;
    ( 1, 0, 0, 0 ) 0.1980970293311535, 0.5455316610707275, 0.25637130959811905;
    ( 1, 0, 0, 1 ) 0.08059416418237897, 0.41014621807529, 0.509259617742331;
    ( 1, 0, 1, 0 ) 0.09296339911535362, 0.5015956132847322, 0.40544098759991426;
    ( 1, 0, 1, 1 ) 0.021804039643708445, 0.31566930121691134, 0.6625266591393802;
    ( 1, 1, 0, 0 ) 0.2902492295724501, 0.537264757801514, 0.17248601262603597;
    ( 1, 1, 0, 1 ) 0.006385696040868455, 0.37420178799489145, 0.6194125159642401;
    ( 1, 1, 1, 0 ) 0.15700784879064553, 0.49530674355277915, 0.34768540765657535;
    ( 1, 1, 1, 1 ) 0.33333333333333337, 0.33333333333333337, 0.33333333333333337;
    ( 2, 0, 0, 0 ) 0.0682991237546513, 0.4707256493356602, 0.4609752269096886;
    ( 2, 0, 0, 1 ) 0.04174613265522357, 0.28586564950201315, 0.6723882178427634;
    ( 2, 0, 1, 0 ) 0.027730352145067867, 0.34431009347397307, 0.6279595543809591;
    ( 2, 0, 1, 1 ) 0.002249212775528565, 0.17498875393612234, 0.8227620332883491;
    ( 2, 1, 0, 0 ) 0.006385696040868455, 0.7420178799489144, 0.25159642401021715;
    ( 2, 1, 0, 1 ) 0.33333333333333337, 0.33333333333333337, 0.33333333333333337;
    ( 2, 1, 1, 0 ) 0.010101010101010102, 0.397979797979798, 0.591919191919192;
    ( 2, 1, 1, 1 ) 0.33333333333333337, 0.33333333333333337, 0.33333333333333337;
    ( 3, 0, 0, 0 ) 0.3112797908826005, 0.50905276756971, 0.17966744154768957;
    ( 3, 0, 0, 1 ) 0.12943526901671823, 0.44820397815695706, 0.4223607528263247;
    ( 3, 0, 1, 0 ) 0.15744426528979386, 0.5296100917056508, 0.3129456430045554;
    ( 3, 0, 1, 1 ) 0.050025151649652315, 0.3744281698476106, 0.5755466785027371;
    ( 3, 1, 0, 0 ) 0.4492608652885935, 0.4748684195170909, 0.07587071519431565;
    ( 3, 1, 0, 1 ) 0.08480521107353126, 0.46962294876612803, 0.44557184016034074;
    ( 3, 1, 1, 0 ) 0.24117019978679274, 0.5616290953892432, 0.197200704823964;
    ( 3, 1, 1, 1 ) 0.00727802037845706, 0.5662299854439592, 0.4264919941775837;

}
probability ( NIVEL_EDUCATIVO_AGRESOR | AREA_RESIDENCIA_DOMICILIO, NIVEL_EDUCATIVO_VICTIMA ) {
    ( 0, 0 ) 0.11501595195646054, 0.27055691095054896, 0.2369264333302055, 0.14714506896875293, 0.19548888054799662, 0.008719620906446467, 0.026135403959838602, 1.17293797503988e-05;
    ( 0, 1 ) 0.046003321405137014, 0.25922264914191395, 0.21105889236888567, 0.19796267985307348, 0.24233827598103214, 0.012018108760797949, 0.03139184463129697, 4.227857862800939e-06;
    ( 0, 2 ) 0.028050620181025814, 0.14452013792442892, 0.2879615439873569, 0.19631842344715292, 0.29271227431636415, 0.014871174752167041, 0.03540658972271443, 0.0001592356687898089;
    ( 0, 3 ) 0.025084283083794564, 0.12652461119730293, 0.14026758537017453, 0.2659299054633691, 0.3524247491638796, 0.0271457292097253, 0.06261978129345008, 3.3552183039237264e-06;
    ( 0, 4 ) 0.012549339570167737, 0.07259450747548937, 0.09457532786940176, 0.19311373734259923, 0.4738248972999779, 0.04611029948867787, 0.10712047902104932, 0.00011141193263682726;
    ( 0, 5 ) 0.010219332040279512, 0.051455349788771684, 0.05613159922416771, 0.13435249887079204, 0.4004736031033292, 0.12074886414963998, 0.22617703323856844, 0.00044171958445147065;
    ( 0, 6 ) 0.008822875415598992, 0.034235297854768004, 0.054565235806103216, 0.09556394400796256, 0.3513823298955973, 0.08404364583553928, 0.3700181063509879, 0.0013685648334427478;
    ( 0, 7 ) 0.003787878787878788, 0.003787878787878788, 0.003787878787878788, 0.003787878787878788, 0.2946969696969697, 0.003787878787878788, 0.6825757575757576, 0.003787878787878788;
    ( 1, 0 ) 0.05072592312725195, 0.14096063289622823, 0.15098671175944783, 0.17723144760728735, 0.34457849922132017, 0.04084728660025618, 0.09377908530460666, 0.0008904134836016477;
    ( 1, 1 ) 0.026736936161294616, 0.15746736695431515, 0.13490107422123918, 0.20785635795668564, 0.36255781054849573, 0.033307443081567745, 0.0766727887553704, 0.0005002223210315696;
    ( 1, 2 ) 0.021083342235727484, 0.09097307124684954, 0.2012519733640367, 0.20308784486885784, 0.37673596685935407, 0.030579229329629937, 0.07615948738036171, 0.00012908471518273648;
    ( 1, 3 ) 0.0175520946576236, 0.07624318789145515, 0.089844259593062, 0.2625060493628005, 0.40015517930662026, 0.052026098178528095, 0.10113359798564986, 0.000539533024260575;
    ( 1, 4 ) 0.00944171500786559, 0.0470040582546297, 0.06291626613076012, 0.1703603333680878, 0.4797867812266195, 0.07263224559429599, 0.1574179154411891, 0.0004406849765521793;
    ( 1, 5 ) 0.006320123181571968, 0.02375717821835595, 0.03149163431387994, 0.10963035817178521, 0.3625885070816456, 0.18245164346401774, 0.27971933462960286, 0.004041220939140794;
    ( 1, 6 ) 0.007071134025895147, 0.019136654991273313, 0.02688916167490996, 0.07714396732482218, 0.31938250362972226, 0.12827229485458078, 0.41596126647023796, 0.006143017028558365;
    ( 1, 7 ) 0.001901956297906418, 0.00739331884223773, 0.0037324104793501887, 0.027528314838119208, 0.1776255577165084, 0.10074648209587003, 0.5089377645578309, 0.1721341951721771;

}
probability ( NIVEL_EDUCATIVO_VICTIMA | AREA_RESIDENCIA_DOMICILIO, LENGUA_MATERNA_VICTIMA ) {
    ( 0, 0 ) 0.09535737371871826, 0.19287330316742082, 0.18696324683719642, 0.19804460245636715, 0.27487533474928433, 0.01778788438452304, 0.033301782251362086, 0.0007964724351278974;
    ( 0, 1 ) 0.05065971272098015, 0.17867500549198556, 0.14213884895690815, 0.2740389988784787, 0.21644445001136936, 0.061019331789154, 0.0767745857886684, 0.00024906636245563055;
    ( 0, 2 ) 0.10262136798411839, 0.21812398484028153, 0.13438458761956326, 0.30619473019310595, 0.11994676051254287, 0.0477576249774409, 0.06941436563797149, 0.0015565782349756363;
    ( 0, 3 ) 0.1364589188011149, 0.2782329291932875, 0.14398349410995515, 0.20867648914327663, 0.16986069212328375, 0.029004312866335556, 0.03377599476950253, 7.168993243940767e-06;
    ( 1, 0 ) 0.047875289847766914, 0.15379994623113888, 0.1220763181772356, 0.20622458581174177, 0.31806381691702795, 0.05755368484726283, 0.09330997748428942, 0.0010963806835366469;
    ( 1, 1 ) 0.025872496103876305, 0.09182491384871884, 0.06758821801107476, 0.21516486025579637, 0.2613154761863515, 0.14943973082965087, 0.18583357990882135, 0.00296072485571003;
    ( 1, 2 ) 0.07713422156427338, 0.14621885023439427, 0.14227115716753022, 0.29425734024179623, 0.16793116210214656, 0.09292499383172959, 0.0791080680977054, 0.000154206760424377;
    ( 1, 3 ) 0.07508628831671027, 0.19218126480376208, 0.12176604245681875, 0.19091537316606422, 0.24301472588006665, 0.06895462569661127, 0.10776211621478621, 0.0003195634651805626;

}
probability ( REDES_FAM_SOC | HIJOS_VIVIENTES, VINCULO_AFECTIVO ) {
    ( 0, 0 ) 0.8742665252739484, 0.12573347472605162;
    ( 0, 1 ) 0.030316858060482257, 0.9696831419395178;
    ( 1, 0 ) 0.7135079819893574, 0.28649201801064267;
    ( 1, 1 ) 0.056726847766462356, 0.9432731522335377;

}
probability ( SEGURO_VICTIMA | AREA_RESIDENCIA_DOMICILIO, NIVEL_DE_RIESGO_VICTIMA, VIOLENCIA_PSICOLOGICA ) {
    ( 0, 0, 0 ) 0.06672820067325443, 0.9332717993267455;
    ( 0, 0, 1 ) 0.07567150607394997, 0.9243284939260501;
    ( 0, 1, 0 ) 0.0554067362615718, 0.9445932637384282;
    ( 0, 1, 1 ) 0.06901588939081937, 0.9309841106091806;
    ( 0, 2, 0 ) 0.05038624361716056, 0.9496137563828395;
    ( 0, 2, 1 ) 0.05704183895654394, 0.942958161043456;
    ( 1, 0, 0 ) 0.14488550457706792, 0.855114495422932;
    ( 1, 0, 1 ) 0.17462314315073274, 0.8253768568492672;
    ( 1, 1, 0 ) 0.11622554112141517, 0.8837744588785849;
    ( 1, 1, 1 ) 0.15906235390982426, 0.8409376460901758;
    ( 1, 2, 0 ) 0.09971236113353196, 0.9002876388664681;
    ( 1, 2, 1 ) 0.12881742681390107, 0.8711825731860988;

}
probability ( SEXO_AGRESOR | VINCULO_AGRESOR_VICTIMA, VIOLENCIA_FISICA, VIOLENCIA_PSICOLOGICA, VIOLENCIA_SEXUAL ) {
    ( 0, 0, 0, 0 ) 0.989620410405867, 0.010379589594132963;
    ( 0, 0, 0, 1 ) 0.9843238733395039, 0.015676126660496163;
    ( 0, 0, 1, 0 ) 0.9717003347181808, 0.028299665281819257;
    ( 0, 0, 1, 1 ) 0.987617507328414, 0.01238249267158597;
    ( 0, 1, 0, 0 ) 0.9812476791682139, 0.018752320831786108;
    ( 0, 1, 0, 1 ) 0.9813511611541168, 0.018648838845883184;
    ( 0, 1, 1, 0 ) 0.9492816717457553, 0.05071832825424466;
    ( 0, 1, 1, 1 ) 0.9899810964083176, 0.01001890359168242;
    ( 1, 0, 0, 0 ) 0.9958342144216537, 0.004165785578346374;
    ( 1, 0, 0, 1 ) 0.9999270136922312, 7.298630776866259e-05;
    ( 1, 0, 1, 0 ) 0.9999402162852791, 5.9783714720897896e-05;
    ( 1, 0, 1, 1 ) 0.9989048229119313, 0.001095177088068769;
    ( 1, 1, 0, 0 ) 0.9999820625228703, 1.7937477129716658e-05;
    ( 1, 1, 0, 1 ) 0.9993498049414825, 0.0006501950585175554;
    ( 1, 1, 1, 0 ) 0.9999570708270338, 4.292917296621409e-05;
    ( 1, 1, 1, 1 ) 0.9987256806883847, 0.0012743193116152311;
    ( 2, 0, 0, 0 ) 0.97417004048583, 0.025829959514170046;
    ( 2, 0, 0, 1 ) 0.9934354604983603, 0.0065645395016397734;
    ( 2, 0, 1, 0 ) 0.7714701676503077, 0.22852983234969218;
    ( 2, 0, 1, 1 ) 0.9794717683907559, 0.020528231609244052;
    ( 2, 1, 0, 0 ) 0.633517400531597, 0.3664825994684029;
    ( 2, 1, 0, 1 ) 0.9856988667026443, 0.014301133297355639;
    ( 2, 1, 1, 0 ) 0.7093082173026284, 0.29069178269737167;
    ( 2, 1, 1, 1 ) 0.9889375684556408, 0.011062431544359255;

}
probability ( TRABAJA_VICTIMA | EDAD_VICTIMA, NIVEL_EDUCATIVO_VICTIMA ) {
    ( 0, 0 ) 0.9985354497895907, 0.0014645502104091786;
    ( 0, 1 ) 0.9980665119876256, 0.0019334880123743233;
    ( 0, 2 ) 0.5, 0.5;
    ( 0, 3 ) 0.5, 0.5;
    ( 0, 4 ) 0.5, 0.5;
    ( 0, 5 ) 0.5, 0.5;
    ( 0, 6 ) 0.5, 0.5;
    ( 0, 7 ) 0.5, 0.5;
    ( 1, 0 ) 0.9935922547428508, 0.006407745257149254;
    ( 1, 1 ) 0.9962124828031559, 0.0037875171968442044;
    ( 1, 2 ) 0.9896661367249602, 0.010333863275039745;
    ( 1, 3 ) 0.9784976525821596, 0.021502347417840375;
    ( 1, 4 ) 0.5, 0.5;
    ( 1, 5 ) 0.5, 0.5;
    ( 1, 6 ) 0.5, 0.5;
    ( 1, 7 ) 0.5, 0.5;
    ( 2, 0 ) 0.9609293602833924, 0.039070639716607625;
    ( 2, 1 ) 0.9702826939138811, 0.029717306086118923;
    ( 2, 2 ) 0.9366052131532759, 0.063394786846724;
    ( 2, 3 ) 0.9586380776941578, 0.04136192230584221;
    ( 2, 4 ) 0.8641533893697988, 0.13584661063020112;
    ( 2, 5 ) 0.8930589387509102, 0.10694106124908967;
    ( 2, 6 ) 0.5, 0.5;
    ( 2, 7 ) 0.5, 0.5;
    ( 3, 0 ) 0.7188770929065652, 0.28112290709343474;
    ( 3, 1 ) 0.677854514062429, 0.322145485937571;
    ( 3, 2 ) 0.6860826366347443, 0.31391736336525566;
    ( 3, 3 ) 0.6432674484601046, 0.35673255153989525;
    ( 3, 4 ) 0.5995221306821127, 0.4004778693178873;
    ( 3, 5 ) 0.6236231733527217, 0.3763768266472783;
    ( 3, 6 ) 0.45706107221982606, 0.5429389277801739;
